
# stiffness tensor (GPa) for 333-EXP-6-vasp by deform-box method
48.4418586834383 21.7595560322002 3.29078695296675 2.19202790207208 -17.7767592536788 -14.6391853405244
21.7595560322002 24.0074853282507 44.0593655300129 -1.55002941137464 -12.099584395994 -20.3989020343492
3.29078695296675 44.0593655300129 42.1189324815218 12.5349984225478 -11.3750055034584 -19.8133838335939
2.19202790207208 -1.55002941137464 12.5349984225478 2.40174072467939 -13.0819410710748 0.760624132736764
-17.7767592536788 -12.099584395994 -11.3750055034584 -13.0819410710748 9.44328721370121 -0.05371364833981
-14.6391853405244 -20.3989020343492 -19.8133838335939 0.760624132736764 -0.05371364833981 7.89522850824925

