# Elastic tensor in Gpa
   41.4956     0.9010     7.0317    -0.6463     5.6152     2.3563
    0.9010    35.0110    17.7157     3.9401     5.0333     2.1959
    7.0317    17.7157    32.2968    -2.8737     2.2041     3.2436
   -0.6463     3.9401    -2.8737     5.2524    -1.9523     2.1011
    5.6152     5.0333     2.2041    -1.9523     1.8354    -0.7617
    2.3563     2.1959     3.2436     2.1011    -0.7617     0.4722
