# Elastic tensor in Gpa
   22.1425     3.4426     5.3319    -0.0096     0.1981    -1.0416
    3.4426    29.6752     5.8728     0.4842     0.3778    -1.0930
    5.3319     5.8728    22.7550     0.0723    -1.0471    -0.5251
   -0.0096     0.4842     0.0723     5.6222    -0.5905    -0.2169
    0.1981     0.3778    -1.0471    -0.5905     3.8433    -0.1211
   -1.0416    -1.0930    -0.5251    -0.2169    -0.1211     5.8404
