# Elastic tensor in Gpa
   10.8560    -1.6014    -4.2840     1.3880    -4.6532    -3.7704
   -1.6014    17.0280    -5.3383    -0.9361     5.1698    -0.7879
   -4.2840    -5.3383    32.2588    -6.9240    -1.7755   -15.3213
    1.3880    -0.9361    -6.9240     5.2683    -6.0111    -1.5470
   -4.6532     5.1698    -1.7755    -6.0111    -2.9874     2.5162
   -3.7704    -0.7879   -15.3213    -1.5470     2.5162     1.8618
