# Elastic tensor in Gpa
   21.4194     9.4369    -2.2854    -0.9228     3.0767     1.9685
    9.4369    27.5075    15.0436    -4.3062     4.0995     0.0184
   -2.2854    15.0436    11.7510     1.5589     0.3940     2.4045
   -0.9228    -4.3062     1.5589     5.4320    -2.6661     1.2166
    3.0767     4.0995     0.3940    -2.6661     3.9683    -3.3037
    1.9685     0.0184     2.4045     1.2166    -3.3037     3.2036
