# Elastic tensor in Gpa
   13.6006     1.1248    14.6067     8.2385    -5.6429     6.6560
    1.1248     9.6773     7.9703     0.6809    10.5014     8.0262
   14.6067     7.9703    59.3755     3.3830     4.9876     0.6216
    8.2385     0.6809     3.3830     3.0657    -7.3120     0.2771
   -5.6429    10.5014     4.9876    -7.3120     4.5001     1.5291
    6.6560     8.0262     0.6216     0.2771     1.5291     3.8342
