
# stiffness tensor (GPa) for 333U-50C-9-vasp by deform-box method
21.8954858311692 8.43744050698795 6.55438128839275 -19.551191333754 -28.2363736551921 -0.122988926508354
8.43744050698795 26.7283313539599 13.7529019879121 -32.9939275503482 -9.24053967714381 -3.73775490202916
6.55438128839275 13.7529019879121 46.4403033584262 -6.60136115095215 -22.6774647963501 11.0802115941231
-19.551191333754 -32.9939275503482 -6.60136115095215 5.11280851809594 16.2985468501897 1.39121569252331
-28.2363736551921 -9.24053967714381 -22.6774647963501 16.2985468501897 12.7034022019516 -12.3975741465907
-0.122988926508354 -3.73775490202916 11.0802115941231 1.39121569252331 -12.3975741465907 6.6798825038485

