
# stiffness tensor (GPa) for 333-HD-100C-20-VASP by change-box method
53.5022158766971 35.613818216074 69.9801404264087 16.0548705311944 -12.2937203847792 19.9595748826367
35.613818216074 30.4626462571872 51.1517650334673 13.8989416441429 -0.181544901340751 -12.0295511025297
69.9801404264087 51.1517650334673 102.577169617345 15.0858603534077 -0.980640743475901 4.45124023122919
16.0548705311944 13.8989416441429 15.0858603534077 11.7142598351448 -9.79509632755019 7.42953382295642
-12.2937203847792 -0.181544901340751 -0.980640743475901 -9.79509632755019 3.41017973681295 2.35885823416933
19.9595748826367 -12.0295511025297 4.45124023122919 7.42953382295642 2.35885823416933 10.3444627778996

