
# stiffness tensor (GPa) for 333-HD-100C-20-VASP by change-box method
63.177197495963 19.7722632015929 40.5569734889851 14.1348949299815 -14.390002742222 13.1997993067786
19.7722632015929 60.5752956677178 46.8292037859399 1.14901474094496 -31.6815747490051 13.6813134037848
40.5569734889851 46.8292037859399 67.2042068389468 -20.567821329589 -22.7018796753019 7.87096982556508
14.1348949299815 1.14901474094496 -20.567821329589 8.42715499650157 7.17592436458115 0.29973759353783
-14.390002742222 -31.6815747490051 -22.7018796753019 7.17592436458115 15.9457342429174 -3.35400872715906
13.1997993067786 13.6813134037848 7.87096982556508 0.29973759353783 -3.35400872715906 7.13294274611615

