# Elastic tensor in Gpa
   23.6973    11.9079    -0.5646    -3.3588    -2.7605    -1.6046
   11.9079    37.1960     5.9165    -7.4654    -9.8839     4.3590
   -0.5646     5.9165   -20.4958    -1.7039     3.3910    -1.8012
   -3.3588    -7.4654    -1.7039    -3.2706     2.9580    -1.0086
   -2.7605    -9.8839     3.3910     2.9580    -2.4026    -1.0355
   -1.6046     4.3590    -1.8012    -1.0086    -1.0355     0.3609
