# Elastic tensor in Gpa
   -3.9148    -1.2243     6.7103     5.5022     1.0004    -2.9556
   -1.2243     7.4216    12.8253     0.4158     5.8675    -0.0034
    6.7103    12.8253    30.5387     4.1220     2.0276     2.7387
    5.5022     0.4158     4.1220     7.2577    -0.2491     0.3435
    1.0004     5.8675     2.0276    -0.2491     6.2038    -2.4994
   -2.9556    -0.0034     2.7387     0.3435    -2.4994     6.8351
