# Elastic tensor in Gpa
   20.0620     6.5105     7.5697    -0.8689     0.2458    -0.4824
    6.5105    21.3896     7.1725    -0.5322     0.4183     0.5307
    7.5697     7.1725    21.8214    -0.7787     0.1603     0.0541
   -0.8689    -0.5322    -0.7787     3.5655     0.2253     0.2666
    0.2458     0.4183     0.1603     0.2253     1.3984    -0.6063
   -0.4824     0.5307     0.0541     0.2666    -0.6063     4.8368
