
# stiffness tensor (GPa) for 333U-50C-14-vasp-an by deform-box method
61.0224369324961 19.6922413896318 10.8221323556676 -0.825666846195724 7.60086464913306 1.58056048105457
19.6922413896318 47.9283326313178 9.1491837366133 -16.6734387381883 1.99828938423059 -5.28457462374832
10.8221323556676 9.1491837366133 7.75844720452845 -4.5017898509425 11.5323808304237 0.88395908905855
-0.825666846195724 -16.6734387381883 -4.5017898509425 2.56865430514241 -5.88295838008002 -0.759944138526327
7.60086464913306 1.99828938423059 11.5323808304237 -5.88295838008002 12.5715343740917 3.41773450603745
1.58056048105457 -5.28457462374832 0.88395908905855 -0.759944138526327 3.41773450603745 8.38612061402239

