# Cij Matrix from post process computation
736358914454.17444 -97559344573.46854 239182837721.47137 183131604796.51782 -4113121437.52659 -3077053513.33181
-97559344573.46854 725356569118.07019 233048861377.53787 -173927962461.11777 2344041640.39850 466301516.46170
239182837721.47137 233048861377.53787 383892669198.00043 7197378052.45897 -941911599.21242 3024771765.41786
183131604796.51782 -173927962461.11777 7197378052.45897 867099842296.56812 10200010071.96028 -2721232775.23093
-4113121437.52659 2344041640.39850 -941911599.21242 10200010071.96028 966351475652.35779 211039653340.26025
-3077053513.33181 466301516.46170 3024771765.41786 -2721232775.23093 211039653340.26025 402465559540.82245
