-5222171122272.62 610527704245.736 -1719681245264.83 -1319470772507.35 -365348321064.136 -66481419904.2621
610527704245.736 -5292589008676.36 -1756540579398.04 1398019470963.45 187545575198.43 24323382966.9571
-1719681245264.83 -1756540579398.04 -2844191836112.43 13441889938.9776 -18527685721.8445 22043084227.8757
-1319470772507.35 1398019470963.45 13441889938.9776 -6898291157992.88 -23100966144.5472 -101885012308.074
-365348321064.136 187545575198.43 -18527685721.8445 -23100966144.5472 -6678742815438.04 -1318927679809.35
-66481419904.2621 24323382966.9571 22043084227.8757 -101885012308.074 -1318927679809.35 -2982983470394.7
