# Cij Matrix from post process computation
737.03356 -97.55934 239.18284 183.13160 -4.11312 -3.07705
-97.55934 726.03121 233.04886 -173.92796  2.34404  0.46630
239.18284 233.04886 384.56731  7.19738 -0.94191  3.02477
183.13160 -173.92796  7.19738 867.43716 10.20001 -2.72123
-4.11312  2.34404 -0.94191 10.20001 966.68880 211.03965
-3.07705  0.46630  3.02477 -2.72123 211.03965 402.80288
