# Cij Matrix from post process computation
737033557091.27417 -97559344552.43497 239182837708.73959 183131604796.80804 -4113121438.78242 -3077053536.10725
-97559344552.43497 726031211759.07324 233048861368.04083 -173927962462.08749 2344041640.81061 466301536.63022
239182837708.73959 233048861368.04083 384567311868.22937 7197378051.35868 -941911599.00024 3024771766.92761
183131604796.80804 -173927962462.08749 7197378051.35868 867437163606.60962 10200010052.99781 -2721232773.85213
-4113121438.78242 2344041640.81061 -941911599.00024 10200010052.99781 966688796909.53235 211039653336.32538
-3077053536.10725 466301536.63022 3024771766.92761 -2721232773.85213 211039653336.32538 402802880802.18274
