# Elastic tensor in Gpa
   35.0878    10.2742    12.2782     0.6240     0.2748    -0.6495
   10.2742    38.9107    12.1862     0.5278    -0.0455    -0.0376
   12.2782    12.1862    42.1623    -0.5853    -0.6611     0.2605
    0.6240     0.5278    -0.5853     6.3303     0.1400     0.1376
    0.2748    -0.0455    -0.6611     0.1400     5.9295     0.3789
   -0.6495    -0.0376     0.2605     0.1376     0.3789     3.7969
