# Elastic tensor in Gpa
   56.1796     8.6553    11.3691    -0.6997     2.9166    -2.3603
    8.6553    34.3818     2.7971     1.0960    -5.0056     4.9373
   11.3691     2.7971    44.5073     2.8640     2.6930    -1.4391
   -0.6997     1.0960     2.8640     6.5874     0.5685     0.5707
    2.9166    -5.0056     2.6930     0.5685     8.5490     3.1113
   -2.3603     4.9373    -1.4391     0.5707     3.1113     5.5964
