# Elastic tensor in Gpa
   33.7491     7.2759    11.5296    -0.9654     0.0156    -0.4798
    7.2759    39.7591    10.3144     0.5378     0.3188    -0.9236
   11.5296    10.3144    36.9116    -0.7887     1.0317    -0.1457
   -0.9654     0.5378    -0.7887     5.6961     0.5590     0.2274
    0.0156     0.3188     1.0317     0.5590     5.5275     0.2150
   -0.4798    -0.9236    -0.1457     0.2274     0.2150     3.5968
