
# stiffness tensor (GPa) for 333U-50C-33-vasp by deform-box method
-7.53424509968215 4.34203776984828 10.4307231881732 -41.6097650748804 11.5122625063089 21.4598104288747
4.34203776984828 81.1046466737177 35.5004893746417 -16.7995031288275 -10.5114434442808 6.43640554811038
10.4307231881732 35.5004893746417 44.3262151589446 -9.93168356441033 -13.3273847724399 20.8370078436707
-41.6097650748804 -16.7995031288275 -9.93168356441033 6.86403019399101 2.43413766514571 3.13896801367679
11.5122625063089 -10.5114434442808 -13.3273847724399 2.43413766514571 -1.35959918245325 -2.64859566205512
21.4598104288747 6.43640554811038 20.8370078436707 3.13896801367679 -2.64859566205512 5.57454926486742

