
# stiffness tensor (GPa) for 333-RV-32-vasp-an by deform-box method
32.0280194020898 10.0764772388839 2.19975915250476 7.76624547475599 -17.5181402847807 -14.2035591230002
10.0764772388839 27.3713889881125 -12.4818846128803 6.98538963393495 5.98803635636416 -6.01489957520118
2.19975915250476 -12.4818846128803 39.8313797203003 19.2305611804205 -6.35811949777103 -0.26983019142678
7.76624547475599 6.98538963393495 19.2305611804205 -1.06682181459363 0.00891009393040498 -6.67995693667478
-17.5181402847807 5.98803635636416 -6.35811949777103 0.00891009393040498 6.04441087864155 4.71442641244417
-14.2035591230002 -6.01489957520118 -0.26983019142678 -6.67995693667478 4.71442641244417 16.9386927280762

