
# stiffness tensor (GPa) for 333-EXP-1-vasp by change-box method
4.63764068314825 1.9234584323554 12.1952255316392 -5.15295647593017 4.86117174117328 2.50633963948996
1.9234584323554 9.07753369581724 -10.0542300546476 10.3400508621143 -3.88738416428451 -1.87478280539679
12.1952255316392 -10.0542300546476 32.2416752588015 10.5552589082553 -12.9310910097598 19.5755331657193
-5.15295647593017 10.3400508621143 10.5552589082553 2.99069489145848 -5.60772519699032 0.3578934429122
4.86117174117328 -3.88738416428451 -12.9310910097598 -5.60772519699032 2.9451346213424 1.88953775793892
2.50633963948996 -1.87478280539679 19.5755331657193 0.3578934429122 1.88953775793892 7.6682101117367

