# Elastic tensor in Gpa
   31.7235     5.9035     8.1691     0.2530    -1.0323     0.1736
    5.9035    28.1540     7.6754     0.2098     0.3795     0.4129
    8.1691     7.6754    30.5755    -0.3646     0.2151     1.4186
    0.2530     0.2098    -0.3646     5.7665     0.4644    -0.4511
   -1.0323     0.3795     0.2151     0.4644     3.4278    -0.4339
    0.1736     0.4129     1.4186    -0.4511    -0.4339     3.0183
