
# stiffness tensor (GPa) for 333U-50C-14-vasp by deform-box method
18.3192575420795 37.9816431143344 27.6130598894027 5.92009387383348 25.4705856063567 -3.56232170700059
37.9816431143344 67.4573735170532 18.3368242147948 -15.5496678022985 3.84704833204989 -1.00201896851331
27.6130598894027 18.3368242147948 56.8812764379592 -1.70734373451351 20.4428597243329 4.80352466437806
5.92009387383348 -15.5496678022985 -1.70734373451351 4.63799139707682 9.05701750692818 -0.438879824302088
25.4705856063567 3.84704833204989 20.4428597243329 9.05701750692818 0.195602683258615 -0.14844428346076
-3.56232170700059 -1.00201896851331 4.80352466437806 -0.438879824302088 -0.14844428346076 11.8176117081586

