# Elastic tensor in Gpa
   -1.2943    -5.7989    10.7248    -5.4577     3.1614    -8.8634
   -5.7989    20.7159    21.2971     7.7639     0.8988     4.0792
   10.7248    21.2971    40.8848     3.3704     6.5415    -2.1679
   -5.4577     7.7639     3.3704    -1.3188    -0.9543     4.0279
    3.1614     0.8988     6.5415    -0.9543     5.0683    -0.2467
   -8.8634     4.0792    -2.1679     4.0279    -0.2467    10.0035
