
# stiffness tensor (GPa) for 333U-50C-1-vasp by change-box method
11.6422759522804 7.1828891072636 -17.9882803851999 4.65500917905279 -2.6237709000344 12.5238152462057
7.1828891072636 66.3435622830914 15.9227277721207 4.7684111179543 -34.6977839739099 -9.53554854130821
-17.9882803851999 15.9227277721207 18.9488330783365 9.40864498395771 -24.7163623802092 5.7866995123373
4.65500917905279 4.7684111179543 9.40864498395771 -5.66115196032539 -4.5201715115112 -2.89663720822568
-2.6237709000344 -34.6977839739099 -24.7163623802092 -4.5201715115112 11.4076748295305 -0.74787822510533
12.5238152462057 -9.53554854130821 5.7866995123373 -2.89663720822568 -0.74787822510533 -0.18024830533185

