
# stiffness tensor (GPa) for 333U-50C-5-vasp-an by deform-box method
55.7810418336977 34.4192610523349 8.86343527413405 3.29727156721015 -8.53456772732213 -11.2898629904714
34.4192610523349 80.3952914649314 12.8715515147744 5.84329788888419 -2.82216930694353 -9.52813086104029
8.86343527413405 12.8715515147744 28.6770087012963 -3.34358341148378 -5.17125097150912 -3.18506635347582
3.29727156721015 5.84329788888419 -3.34358341148378 2.30506177716097 5.37678213923851 -2.47465355220906
-8.53456772732213 -2.82216930694353 -5.17125097150912 5.37678213923851 2.53405336663273 5.66959037270963
-11.2898629904714 -9.52813086104029 -3.18506635347582 -2.47465355220906 5.66959037270963 1.76463246060708

