# Elastic tensor in Gpa
   14.2046     8.5272    -5.3262    -2.3596     1.5861    -1.7728
    8.5272   -11.8605    -7.7736    -4.3922    -2.6321     1.5576
   -5.3262    -7.7736    27.1211     4.5199     3.3538     4.7600
   -2.3596    -4.3922     4.5199    14.5675    -0.7830    -2.9411
    1.5861    -2.6321     3.3538    -0.7830     5.3437     5.4596
   -1.7728     1.5576     4.7600    -2.9411     5.4596    -1.2752
