
# stiffness tensor (GPa) for 333-HD-100C-14-VASP-an by deform-box method
113.98454453161 30.1429399880939 22.4420322010352 1.80343550805852 -2.7845616843744 14.0564790251341
30.1429399880939 55.4395850796022 20.5644545517257 7.75310531668968 -11.0165346369421 -1.87974530571465
22.4420322010352 20.5644545517257 93.7108705146194 10.4364698983517 -8.59635448421006 17.1256732135892
1.80343550805852 7.75310531668968 10.4364698983517 16.4892359241042 4.55029304669784 -7.45142968116857
-2.7845616843744 -11.0165346369421 -8.59635448421006 4.55029304669784 14.6591644033502 2.6254101802079
14.0564790251341 -1.87974530571465 17.1256732135892 -7.45142968116857 2.6254101802079 14.5575738687619

