
# stiffness tensor (GPa) for 333SiCOH by deform-box method
0.291072954897402 -10.2718831594322 -7.09899551803655 4.30388528376394 15.3976458607165 -0.07330552405368
-10.2718831594322 -4.62893623908326 7.68194680216529 11.5550453034913 1.71294041360527 -9.27694070224713
-7.09899551803655 7.68194680216529 18.3224925184582 14.388994958258 4.46248748607376 -14.8552041576587
4.30388528376394 11.5550453034913 14.388994958258 6.08595768118566 6.40397296888158 1.01439822523577
15.3976458607165 1.71294041360527 4.46248748607376 6.40397296888158 -3.79906650103104 1.75480594042816
-0.07330552405368 -9.27694070224713 -14.8552041576587 1.01439822523577 1.75480594042816 3.04394183355708

