# Elastic tensor in Gpa
   22.6173     9.7053    11.6452     0.0233    -0.2183     2.9889
    9.7053    30.9157     5.2592    -0.5732    -0.7430     1.6886
   11.6452     5.2592    28.3868    -0.8366    -0.3026    -0.7448
    0.0233    -0.5732    -0.8366    -0.2857    -0.2065    -2.1756
   -0.2183    -0.7430    -0.3026    -0.2065     0.3478    -1.9650
    2.9889     1.6886    -0.7448    -2.1756    -1.9650     7.2113
