# Elastic tensor in Gpa
   29.8678    21.1035    20.3245     3.5274    -8.0997    -1.5944
   21.1035    35.3022    16.8976    -1.3499    -0.4285    -0.5385
   20.3245    16.8976    24.8931     3.0403    -8.7762     2.5343
    3.5274    -1.3499     3.0403   -11.3921     1.2934     2.6758
   -8.0997    -0.4285    -8.7762     1.2934     2.4961     0.1095
   -1.5944    -0.5385     2.5343     2.6758     0.1095     7.2354
