# Elastic tensor in Gpa
   33.3715    17.2842    15.2494    -0.0073     3.6025    -2.9408
   17.2842    29.8603    18.5476     1.2170     1.5024    -4.9204
   15.2494    18.5476    42.8999     0.5189     5.0347    -1.8860
   -0.0073     1.2170     0.5189    11.3917    -2.9297     0.2389
    3.6025     1.5024     5.0347    -2.9297     6.0055    -0.4733
   -2.9408    -4.9204    -1.8860     0.2389    -0.4733     7.3607
