-1.12041796835881e+18 8.34706680424589e+16 -4.66746825215641e+16 -3.20230060887521e+17 -1.31724747116038e+16 -4.7897386638307e+16
8.34706680424589e+16 -9.06718743574893e+17 -3.59634196238812e+17 2.62440446571729e+17 3.20753810868894e+17 1.10506334240437e+17
-4.66746825215641e+16 -3.59634196238812e+17 -1.11229623595317e+18 3.89987441686122e+16 4.22251941911326e+16 -1.06818017997981e+17
-3.20230060887521e+17 2.62440446571729e+17 3.89987441686122e+16 -8.35587795117433e+17 -2.18635470941924e+17 1.01451607044651e+17
-1.31724747116038e+16 3.20753810868894e+17 4.22251941911326e+16 -2.18635470941924e+17 -1.32597483976709e+18 -1.12585585269846e+17
-4.7897386638307e+16 1.10506334240437e+17 -1.06818017997981e+17 1.01451607044651e+17 -1.12585585269846e+17 -6.09444801219295e+17
