# Elastic tensor in Gpa
   22.0818     6.9059     8.2174    -0.4221     0.0163    -1.0943
    6.9059    20.4716     7.7420    -0.3663    -0.3706    -1.0687
    8.2174     7.7420    30.5921     0.6804    -0.1650     0.1380
   -0.4221    -0.3663     0.6804     3.8624    -0.6738    -0.3219
    0.0163    -0.3706    -0.1650    -0.6738     4.2103    -0.0626
   -1.0943    -1.0687     0.1380    -0.3219    -0.0626     3.1657
