
# stiffness tensor (GPa) for 333-EXP-27-vasp by deform-box method
54.5948425275505 -7.4112128712391 8.27899950288547 -0.226170206970715 7.83671171289152 16.5033556588842
-7.4112128712391 -11.4522949138945 7.07952283815982 10.8754061277143 0.55312286389341 -8.65510763837663
8.27899950288547 7.07952283815982 -9.4693028990481 12.8316630236297 -2.13425466220023 -5.60624516873379
-0.226170206970715 10.8754061277143 12.8316630236297 14.9119000748947 -16.8889228722403 -2.5546516918287
7.83671171289152 0.55312286389341 -2.13425466220023 -16.8889228722403 6.54602679250685 -1.01323547810204
16.5033556588842 -8.65510763837663 -5.60624516873379 -2.5546516918287 -1.01323547810204 0.40986128918437

