# Elastic tensor in Gpa
   27.1224     7.6655     8.2991    -1.2910     0.3232     0.2486
    7.6655    28.4676     7.4649    -0.4374     0.3570    -0.6319
    8.2991     7.4649    24.4457    -0.0734     0.0942    -0.3523
   -1.2910    -0.4374    -0.0734     2.7496    -0.3753    -0.1564
    0.3232     0.3570     0.0942    -0.3753     4.1058     0.0852
    0.2486    -0.6319    -0.3523    -0.1564     0.0852     1.9964
