# Elastic tensor in Gpa
   17.2087     9.3759     5.3149     0.7954    -4.1854    -0.8037
    9.3759    38.0451     9.0180     8.3098     1.7457     4.7820
    5.3149     9.0180    32.0899     3.2972    -1.8758     2.9305
    0.7954     8.3098     3.2972     4.6167     0.7252     0.9069
   -4.1854     1.7457    -1.8758     0.7252     4.4741     0.3311
   -0.8037     4.7820     2.9305     0.9069     0.3311     6.0474
