
# stiffness tensor (GPa) for 333-RV-32-vasp by deform-box method
63.5270122961889 40.0915440281426 14.7060566762686 11.7186981825767 -0.00906565251855301 16.6128107352084
40.0915440281426 36.5480472987299 15.297739366296 -4.59040944356549 -9.6309552222555 -0.25070504258789
14.7060566762686 15.297739366296 54.7419572431893 -6.27229183041007 0.0135846374782247 10.0800883314259
11.7186981825767 -4.59040944356549 -6.27229183041007 18.8788911700847 3.22570143071729 3.36548696224787
-0.00906565251855301 -9.6309552222555 0.0135846374782247 3.22570143071729 -13.4398930847163 5.0787818103496
16.6128107352084 -0.25070504258789 10.0800883314259 3.36548696224787 5.0787818103496 2.30530820234569

