# Elastic tensor in Gpa
   22.6027     7.1579     6.5180     0.1054     0.4362     0.5088
    7.1579    19.0857     6.0812    -0.6106    -0.8205    -0.1462
    6.5180     6.0812    23.7452     0.4314     0.3246     0.7223
    0.1054    -0.6106     0.4314     3.0835    -0.4266     0.2105
    0.4362    -0.8205     0.3246    -0.4266     2.4410    -0.5901
    0.5088    -0.1462     0.7223     0.2105    -0.5901     0.9105
