
# stiffness tensor (GPa) for 333U-50C-5-vasp by deform-box method
17.6426835855363 12.2887774127412 36.8976317461092 4.70538806053444 2.06923695518541 14.9793230404623
12.2887774127412 11.3850283836586 10.4372069189464 -0.518351992033135 -6.7578971903837 9.75487926180802
36.8976317461092 10.4372069189464 35.4009482720399 -14.6103466000588 0.55313308952647 11.1126160987385
4.70538806053444 -0.518351992033135 -14.6103466000588 12.9709764010932 9.8681647703889 0.22049263942415
2.06923695518541 -6.7578971903837 0.55313308952647 9.8681647703889 19.2198829740112 3.72741899072619
14.9793230404623 9.75487926180802 11.1126160987385 0.22049263942415 3.72741899072619 3.26096002200944

