
# stiffness tensor (GPa) for 333-HD-100C-11-VASP-an by change-box method
93.4480448326687 51.6885873483713 43.5500787764347 -0.631206294033375 3.92985493547035 -24.4645720153586
51.6885873483713 108.293843572163 49.8324261897352 -0.150898556011 2.12981329378197 -11.6261491469644
43.5500787764347 49.8324261897352 57.2468279778256 -16.1416031032925 -2.31348679974351 2.07413708903629
-0.631206294033375 -0.150898556011 -16.1416031032925 14.5100116548965 -6.0476827974194 7.04415127218079
3.92985493547035 2.12981329378197 -2.31348679974351 -6.0476827974194 27.1766308724926 3.34126685880584
-24.4645720153586 -11.6261491469644 2.07413708903629 7.04415127218079 3.34126685880584 13.8497913366006

