# Elastic tensor in Gpa
   42.3024     4.1090    22.4132    -0.7144     1.7357    -2.0559
    4.1090    33.0151    16.6970    -1.7181     1.8275     1.0214
   22.4132    16.6970    50.4054    -0.5359    -0.2627    -0.5955
   -0.7144    -1.7181    -0.5359     4.1881    -1.0348     0.1979
    1.7357     1.8275    -0.2627    -1.0348     0.3503    -2.3253
   -2.0559     1.0214    -0.5955     0.1979    -2.3253     2.8349
