# Elastic tensor in Gpa
   68.8292    14.5502    18.8643     2.9442     5.0620     3.3444
   14.5502    45.1673    20.7809     1.3547    -1.0085     1.1925
   18.8643    20.7809    47.9425     0.5234     1.9714     2.2552
    2.9442     1.3547     0.5234     9.3524    -0.9368     0.0895
    5.0620    -1.0085     1.9714    -0.9368     7.4124     0.1369
    3.3444     1.1925     2.2552     0.0895     0.1369     2.1275
