
# stiffness tensor (GPa) for 333U-50C-14-vasp-an by change-box method
27.2885095162164 15.3975794759317 14.2002948024458 1.48600852077515 -3.76754477912665 5.55888731560193
15.3975794759317 62.1952376899439 15.4141494720617 -15.0914612314153 1.7004927774481 6.16972805265696
14.2002948024458 15.4141494720617 0.244597511478791 -13.9255807168387 -0.55071648325254 2.93340892724121
1.48600852077515 -15.0914612314153 -13.9255807168387 7.62627601491969 -3.72421363759333 3.49041914544545
-3.76754477912665 1.7004927774481 -0.55071648325254 -3.72421363759333 8.85169403241107 4.28105803065056
5.55888731560193 6.16972805265696 2.93340892724121 3.49041914544545 4.28105803065056 -3.23946581978041

