# Elastic tensor in Gpa
   69.0997    25.6063    28.0844    -1.7174    -3.3307     1.7421
   25.6063    63.7824    26.2291    -1.0927    -2.9693     1.5813
   28.0844    26.2291    57.5892    -0.8820    -4.5980    -1.0331
   -1.7174    -1.0927    -0.8820    14.0754     0.9263    -0.9312
   -3.3307    -2.9693    -4.5980     0.9263     9.4365     1.3345
    1.7421     1.5813    -1.0331    -0.9312     1.3345     6.1159
