# Elastic tensor in Gpa
   72.6629    20.1901    28.9314     0.3246     0.1253     0.6250
   20.1901    62.2685    25.2760     1.7947    -0.4845     1.0615
   28.9314    25.2760    66.6578     2.5642    -0.3298    -0.2727
    0.3246     1.7947     2.5642    11.3645     0.2794     0.7003
    0.1253    -0.4845    -0.3298     0.2794    11.2263     0.4864
    0.6250     1.0615    -0.2727     0.7003     0.4864     5.9164
