# Elastic tensor in Gpa
   83.0102    24.0733    29.7403    -0.4235     0.1034     0.4073
   24.0733    64.6868    27.8085     0.5692    -1.5943    -0.4772
   29.7403    27.8085    74.3762     1.3344    -0.9897    -0.7128
   -0.4235     0.5692     1.3344    11.2438    -0.7366    -0.5406
    0.1034    -1.5943    -0.9897    -0.7366     8.4692     0.0030
    0.4073    -0.4772    -0.7128    -0.5406     0.0030    13.3375
