# Elastic tensor in Gpa
   35.5253    18.7418    14.5918    -1.8091    -2.7715    -1.7381
   18.7418    32.6298    29.3566     1.4930    -5.0213    -1.5438
   14.5918    29.3566    61.4250    -1.1475    -4.7944     0.1767
   -1.8091     1.4930    -1.1475     5.6112    -1.0314    -0.6612
   -2.7715    -5.0213    -4.7944    -1.0314     6.2028     1.8108
   -1.7381    -1.5438     0.1767    -0.6612     1.8108     3.0169
