# Elastic tensor in Gpa
    1.3696     9.4241     1.9172     1.5025    -4.1549    -4.7316
    9.4241    22.8132    13.3082    -0.4103     0.0632    -4.3765
    1.9172    13.3082    15.8527     0.1906    -1.9841    -0.5184
    1.5025    -0.4103     0.1906     3.2038    -0.3206     0.0898
   -4.1549     0.0632    -1.9841    -0.3206     1.1187     1.4961
   -4.7316    -4.3765    -0.5184     0.0898     1.4961     6.1877
