
# stiffness tensor (GPa) for 333U-50C-9-vasp-an by deform-box method
57.5023784054063 47.8011835173854 54.5911739883348 -10.0704844013018 -4.07587541081795 12.3430113303535
47.8011835173854 55.9835215499129 19.2361104491283 -18.5582664520114 -6.10608551932214 8.88725137475403
54.5911739883348 19.2361104491283 81.5591627088454 -13.8467985446388 -7.30280103315983 6.02585816517269
-10.0704844013018 -18.5582664520114 -13.8467985446388 13.8134282702261 -2.49741273388749 -2.507095472101
-4.07587541081795 -6.10608551932214 -7.30280103315983 -2.49741273388749 6.7898984272397 3.97793859979117
12.3430113303535 8.88725137475403 6.02585816517269 -2.507095472101 3.97793859979117 6.07713423462358

