# Elastic tensor in Gpa
   17.6767    -3.8835    -7.2909    -4.6623     1.9449     2.1450
   -3.8835    17.9979     1.1845     1.0836     1.4984    -1.3226
   -7.2909     1.1845    14.6773    -5.9997    -2.2579    -0.3898
   -4.6623     1.0836    -5.9997     5.7651    -1.6645    -2.1044
    1.9449     1.4984    -2.2579    -1.6645     3.0671    -0.9980
    2.1450    -1.3226    -0.3898    -2.1044    -0.9980     8.9476
