
# stiffness tensor (GPa) for 333-EXP-11-vasp by deform-box method
29.7492202021702 15.054101375043 11.1592476839681 7.95105511574435 3.0551099196811 10.6850793470071
15.054101375043 72.2953622364011 24.6776781067454 6.71600204787318 25.153009334619 -6.47340694182748
11.1592476839681 24.6776781067454 55.6957471998857 -0.10151862650842 2.95945641619153 2.52735635876535
7.95105511574435 6.71600204787318 -0.10151862650842 0.860081076963235 4.14361210187952 1.20084416287102
3.0551099196811 25.153009334619 2.95945641619153 4.14361210187952 7.68954555384826 -1.4624120183082
10.6850793470071 -6.47340694182748 2.52735635876535 1.20084416287102 -1.4624120183082 6.0321566724441

