# Elastic tensor in Gpa
   38.7383    14.6209    18.0867    -0.5805    -1.0122     0.2588
   14.6209    41.6935    17.7832    -1.2612    -0.4195     1.7982
   18.0867    17.7832    42.6188    -0.7261    -0.3530     0.1116
   -0.5805    -1.2612    -0.7261     9.2431    -0.0935    -0.6206
   -1.0122    -0.4195    -0.3530    -0.0935     7.2359     0.1029
    0.2588     1.7982     0.1116    -0.6206     0.1029     3.0400
