
# stiffness tensor (GPa) for 333-RV-32-vasp by change-box method
83.2480262267789 1.01881275519857 23.7173716061008 -23.1027161352112 7.66983545650915 9.03759715915577
1.01881275519857 -19.6761598340046 0.6445611532918 -12.8287670790075 -12.4449215848905 7.4451452852306
23.7173716061008 0.6445611532918 22.6893069749898 -13.732797467759 -4.13802015149281 9.03269205101585
-23.1027161352112 -12.8287670790075 -13.732797467759 3.6679588615518 -6.15733765800993 4.35776289094579
7.66983545650915 -12.4449215848905 -4.13802015149281 -6.15733765800993 5.59889305428619 -7.26425141587267
9.03759715915577 7.4451452852306 9.03269205101585 4.35776289094579 -7.26425141587267 -2.92491841634651

