
# stiffness tensor (GPa) for 333-RV-32-vasp by change-box method
31.5415040949557 38.7068732118047 21.359155049064 13.0930340495551 -29.6260908736386 9.32527687796295
38.7068732118047 -7.67761149701771 25.746407678965 -0.888895147299805 -10.2309744153739 -5.33527885951716
21.359155049064 25.746407678965 55.7582933418225 -4.43803459283306 -26.494862178346 9.99111975129492
13.0930340495551 -0.888895147299805 -4.43803459283306 -2.21904598531879 -3.06956065106665 -1.98838438749828
-29.6260908736386 -10.2309744153739 -26.494862178346 -3.06956065106665 2.3427465087254 4.66444005958981
9.32527687796295 -5.33527885951716 9.99111975129492 -1.98838438749828 4.66444005958981 0.00529791311287009

