
# stiffness tensor (GPa) for 333U-50C-33-vasp by change-box method
28.0681793210819 21.125481780616 21.9270812686315 -7.86457769456783 1.69987633419854 -23.3466515889689
21.125481780616 34.4642689046385 30.530243014873 -15.1839473204451 -19.3976559885898 -5.84039770381175
21.9270812686315 30.530243014873 12.1013463824473 -1.29469480667904 -0.888516544442636 -43.0023545092645
-7.86457769456783 -15.1839473204451 -1.29469480667904 2.49966729406405 -5.24650470203776 4.25769665914537
1.69987633419854 -19.3976559885898 -0.888516544442636 -5.24650470203776 0.928651824286715 -3.63117877718889
-23.3466515889689 -5.84039770381175 -43.0023545092645 4.25769665914537 -3.63117877718889 5.79938249258556

