
# stiffness tensor (GPa) for 333-EXP-11-vasp-an by deform-box method
-8.22212305009665 -2.06718413787707 -22.0595053384406 5.20678559833793 1.25728071637525 -7.93419882027395
-2.06718413787707 49.4118234017699 10.1280722524927 -8.89501132231982 16.5868731271742 -0.70648264356948
-22.0595053384406 10.1280722524927 12.1503443464143 -2.06878776392757 -7.18751698166605 -6.4438281681631
5.20678559833793 -8.89501132231982 -2.06878776392757 11.3123413786548 3.53360238301872 5.35377813197526
1.25728071637525 16.5868731271742 -7.18751698166605 3.53360238301872 16.834810541905 0.21741012966801
-7.93419882027395 -0.70648264356948 -6.4438281681631 5.35377813197526 0.21741012966801 5.60455857324343

