
# stiffness tensor (GPa) for 333-EXP-1-vasp by change-box method
16.1908798855815 -20.8537269309699 2.9063921077874 17.277032926269 -14.7293330761099 -9.29072366177033
-20.8537269309699 -14.5502520271819 -21.489884625533 -17.3139938297886 -15.259591207696 10.8707967569141
2.9063921077874 -21.489884625533 3.4521611574769 -2.51031742798153 -13.2679444038027 -1.18775060966272
17.277032926269 -17.3139938297886 -2.51031742798153 9.09575732622905 -1.82977432468009 -9.7947542962353
-14.7293330761099 -15.259591207696 -13.2679444038027 -1.82977432468009 7.92612053374385 1.69343585607957
-9.29072366177033 10.8707967569141 -1.18775060966272 -9.7947542962353 1.69343585607957 -8.268935904309

