# Elastic tensor in Gpa
   71.9135    29.4799    22.9542     3.4336    -1.4671    -2.6962
   29.4799    79.1582    31.9085     1.1717     3.0942    -1.2599
   22.9542    31.9085    75.5648     2.3928     2.0165    -3.6173
    3.4336     1.1717     2.3928     3.2133     4.5993     0.4228
   -1.4671     3.0942     2.0165     4.5993     2.8025    -3.4673
   -2.6962    -1.2599    -3.6173     0.4228    -3.4673    15.3299
