
# stiffness tensor (GPa) for 333-EXP-6-vasp by change-box method
6.60092948303545 9.724021184994 18.3696125346642 8.7703475289547 -0.675491684204395 -3.33211695267715
9.724021184994 -5.0037540691854 -11.122894124837 5.53047216540554 -20.1153404421487 13.000918014946
18.3696125346642 -11.122894124837 -11.4760302920194 -4.30901788256995 -10.3658712358273 -5.24354057520113
8.7703475289547 5.53047216540554 -4.30901788256995 3.83709451675719 0.85949270415965 -1.11310403218763
-0.675491684204395 -20.1153404421487 -10.3658712358273 0.85949270415965 8.18946606549614 -4.25508848388983
-3.33211695267715 13.000918014946 -5.24354057520113 -1.11310403218763 -4.25508848388983 5.00617421627403

