
# stiffness tensor (GPa) for 333U-50C-14-vasp by change-box method
1.49221406199873 10.4899245241312 27.3812755009014 -19.9255178483353 6.24672956087177 -8.72465713550682
10.4899245241312 -3.78773998703165 28.0796176188456 -12.0571364721398 -8.28535402171427 -8.51296338536705
27.3812755009014 28.0796176188456 12.4409682300171 -38.2061353775858 0.86032231956975 -23.5272294744491
-19.9255178483353 -12.0571364721398 -38.2061353775858 2.91843589490352 -8.68625484175339 -3.3424590624996
6.24672956087177 -8.28535402171427 0.86032231956975 -8.68625484175339 17.5736063041995 -5.64224401057472
-8.72465713550682 -8.51296338536705 -23.5272294744491 -3.3424590624996 -5.64224401057472 9.19769091877123

