
# stiffness tensor (GPa) for 333U-50C-5-vasp by change-box method
9.25188970444287 -11.7483424113809 24.6028808466966 -24.5886250164314 14.976568551458 -2.76840830155251
-11.7483424113809 12.4974220515679 10.0683364909786 0.88138091419705 28.4730361599131 -1.87294643419578
24.6028808466966 10.0683364909786 10.0139655428402 -17.3283876756153 28.1253943581399 -1.5723853036247
-24.5886250164314 0.88138091419705 -17.3283876756153 13.7892072794341 -1.39598225835419 3.83881961623119
14.976568551458 28.4730361599131 28.1253943581399 -1.39598225835419 6.76538560145869 7.23825018518279
-2.76840830155251 -1.87294643419578 -1.5723853036247 3.83881961623119 7.23825018518279 10.3818751124629

