
# stiffness tensor (GPa) for 333U-50C-5-vasp by change-box method
27.2966981940808 39.9553476661601 9.8404596752408 14.7200250948427 -25.8312183916733 -9.59438564932399
39.9553476661601 57.3716051366387 9.8980855874215 -8.1880724970219 -10.6064657473709 4.98431242882504
9.8404596752408 9.8980855874215 30.192928827633 0.946397082621081 -27.038980053001 5.50128348967957
14.7200250948427 -8.1880724970219 0.946397082621081 15.8636770095 8.25314823765165 -3.40134415547334
-25.8312183916733 -10.6064657473709 -27.038980053001 8.25314823765165 10.2545921953376 -6.54849028039961
-9.59438564932399 4.98431242882504 5.50128348967957 -3.40134415547334 -6.54849028039961 4.9570108686005

