# Elastic tensor in Gpa
   -0.8315     6.1082    -1.4245     0.1578    -0.1324    -1.9966
    6.1082    28.0397    13.0727    -0.6816     3.3125    -4.9774
   -1.4245    13.0727    31.7244     1.0117     1.8458    -2.3043
    0.1578    -0.6816     1.0117     0.2529     0.6585    -1.0195
   -0.1324     3.3125     1.8458     0.6585     1.1789     0.7802
   -1.9966    -4.9774    -2.3043    -1.0195     0.7802     4.4973
