# Elastic tensor in Gpa
  107.3273    26.7233    31.0139     1.5975     0.2428     0.0900
   26.7233   114.1683    22.4767    -3.1834    -5.2037    -1.1809
   31.0139    22.4767    97.8063     4.7809     0.6845     4.4520
    1.5975    -3.1834     4.7809    20.9386     3.8459    -2.6026
    0.2428    -5.2037     0.6845     3.8459    15.9813     0.6990
    0.0900    -1.1809     4.4520    -2.6026     0.6990    27.5143
