
# stiffness tensor (GPa) for 333U-50C-33-vasp by change-box method
26.8942692063313 25.5638685832868 22.6717099376933 7.30189416037864 -2.44910467611371 -3.3024700106769
25.5638685832868 46.8403926133084 12.1779000897196 8.3535688851929 13.8574559850309 1.80491461929532
22.6717099376933 12.1779000897196 55.4646675620768 -4.52126215293991 2.59867730067072 1.5290923128024
7.30189416037864 8.3535688851929 -4.52126215293991 10.4694278770865 0.185696511238818 3.81493120544764
-2.44910467611371 13.8574559850309 2.59867730067072 0.185696511238818 7.66860102528904 -10.9096190165725
-3.3024700106769 1.80491461929532 1.5290923128024 3.81493120544764 -10.9096190165725 3.04302044278366

