# Elastic tensor in Gpa
   23.6398    11.1177     7.4910    -0.8186    -0.0084     3.3613
   11.1177    52.1962    17.1318    -1.4432    -2.8054     0.9476
    7.4910    17.1318    42.9894    -1.6596    -0.6539     0.3044
   -0.8186    -1.4432    -1.6596    11.4354    -2.4974    -2.0521
   -0.0084    -2.8054    -0.6539    -2.4974     1.6105    -0.8140
    3.3613     0.9476     0.3044    -2.0521    -0.8140    -0.7785
