# Elastic tensor in Gpa
    9.9835     7.0190     6.7162    -3.8814     0.8187     2.2600
    7.0190    36.2715    20.6151     5.8674    -7.8544     2.4013
    6.7162    20.6151    31.1450    -4.1340    -5.3769     1.0052
   -3.8814     5.8674    -4.1340     6.6658    -1.4700    -0.4929
    0.8187    -7.8544    -5.3769    -1.4700     2.7352     0.4582
    2.2600     2.4013     1.0052    -0.4929     0.4582     6.9937
