# Elastic tensor in Gpa
   23.2961    -0.1385     9.3368    -2.5707     6.7983    -4.4057
   -0.1385    23.8655    16.6778    -2.7997    -2.3513     2.1332
    9.3368    16.6778    50.1587    -0.7140     1.5178     0.8478
   -2.5707    -2.7997    -0.7140    -3.3088    -4.4188     0.7138
    6.7983    -2.3513     1.5178    -4.4188     6.0915     0.0700
   -4.4057     2.1332     0.8478     0.7138     0.0700    -0.3953
