# Elastic tensor in Gpa
   16.8162     0.6456    -4.6649     7.4701     0.6801    -0.8515
    0.6456     4.1348    -0.1832    -6.8887    -0.9106     0.5883
   -4.6649    -0.1832    29.9750     0.8290    -3.6482    -2.2891
    7.4701    -6.8887     0.8290     7.0797     0.3868     3.3361
    0.6801    -0.9106    -3.6482     0.3868     0.9420     0.4070
   -0.8515     0.5883    -2.2891     3.3361     0.4070     2.1057
