
# stiffness tensor (GPa) for 333U-50C-33-vasp-an by deform-box method
35.8819288988277 26.8251006208658 12.1399857311291 -24.8354292884078 21.288714279908 -15.0805893015191
26.8251006208658 56.1201858857345 -4.7410756478603 4.46545634344591 -3.63407604853211 -19.1529313381329
12.1399857311291 -4.7410756478603 42.603236236547 -7.43513174245029 -0.701034792947475 -5.6658385196203
-24.8354292884078 4.46545634344591 -7.43513174245029 7.30083135160611 -1.27810839469391 -1.51579021961776
21.288714279908 -3.63407604853211 -0.701034792947475 -1.27810839469391 -1.78132568897314 7.81635589002327
-15.0805893015191 -19.1529313381329 -5.6658385196203 -1.51579021961776 7.81635589002327 10.489545247318

