-5552638126515.43 767576069346.62 -1807202076921.37 -1494625387294.18 -45426746652.7827 57992335152.3789
767576069346.62 -5533609741024.98 -1823187922231.07 1502065318331.85 28086365318.3607 -69890567340.2041
-1807202076921.37 -1823187922231.07 -2980017617338.39 52212361735.8812 3513220006.28474 -9527457639.29034
-1494625387294.18 1502065318331.85 52212361735.8812 -7402941732499.25 -74891913965.9217 44626915458.8751
-45426746652.7827 28086365318.3607 3513220006.28474 -74891913965.9217 -7318700972640.01 -1482458659138.68
57992335152.3789 -69890567340.2041 -9527457639.29034 44626915458.8751 -1482458659138.68 -3203692625441.82
