# Cij Matrix from post process computation
195.96810 89.88674 101.00735 209.13399 -8.09308 -181.62543
89.88674 222.22204 111.02854 -201.75422 13.07498 182.79645
101.00735 111.02854 164.16539 -3.55479  4.58272 -5.52958
209.13399 -201.75422 -3.55479 590.54559 -163.93266 -4.02748
-8.09308 13.07498  4.58272 -163.93266 119.52072 186.01858
-181.62543 182.79645 -5.52958 -4.02748 186.01858 -396.94431
