# Cij Matrix from post process computation
195968097008.97565 89886736444.01318 101007351791.68248 209133989805.04102 -8093075254.37853 -181625434454.51678
89886736444.01318 222222039339.35474 111028544043.31538 -201754218615.38901 13074977430.01840 182796453771.28134
101007351791.68248 111028544043.31538 164165385282.72842 -3554791411.86506 4582719525.81231 -5529580515.99321
209133989805.04102 -201754218615.38901 -3554791411.86506 590545589503.04114 -163932658354.16815 -4027481497.22551
-8093075254.37853 13074977430.01840 4582719525.81231 -163932658354.16815 119520721098.09048 186018578250.41434
-181625434454.51678 182796453771.28134 -5529580515.99321 -4027481497.22551 186018578250.41434 -396944312703.09613
