# Cij Matrix from post process computation
507631602983.80371 -188532379246.99973 128540877652.63091 -16075824549.72697 -846858420.49688 171035232317.62564
-188532379246.99973 489694735165.91071 119207617230.49461 8436235012.43421 -1748714897.33385 -166693360595.35315
128540877652.63091 119207617230.49461 213338188045.42111 -1277616094.40050 -4054287008.46255 6673852606.26627
-16075824549.72697 8436235012.43421 -1277616094.40050 357387992571.53772 178411056267.58905 437342865.08580
-846858420.49688 -1748714897.33385 -4054287008.46255 178411056267.58905 810060017540.38831 7396016423.01553
171035232317.62564 -166693360595.35315 6673852606.26627 437342865.08580 7396016423.01553 804911775988.43909
