
# stiffness tensor (GPa) for 333U-50C-33-vasp-an by change-box method
68.449848460436 26.5276297114473 3.99269471008301 4.70230130798228 -17.1458974682791 -11.4564662308782
26.5276297114473 68.4383774894719 29.6496852225326 10.0623290737839 3.92079074847305 2.63216058015469
3.99269471008301 29.6496852225326 47.4669830892549 1.00755243976884 -8.68374592726849 2.78725238997844
4.70230130798228 10.0623290737839 1.00755243976884 16.1123307245304 1.04269257349099 0.840639634694185
-17.1458974682791 3.92079074847305 -8.68374592726849 1.04269257349099 11.1635749919137 4.01160167683288
-11.4564662308782 2.63216058015469 2.78725238997844 0.840639634694185 4.01160167683288 3.80320977350614

