# Elastic tensor in Gpa
   67.1065    21.7399    25.1418    -0.0740     0.1957    -1.1431
   21.7399    69.3041    24.0030    -0.9684    -0.7135    -2.0550
   25.1418    24.0030    68.3698    -1.0648    -1.3046    -0.7946
   -0.0740    -0.9684    -1.0648    10.8452    -0.0392     0.7899
    0.1957    -0.7135    -1.3046    -0.0392    10.8789    -0.6435
   -1.1431    -2.0550    -0.7946     0.7899    -0.6435    12.8539
