# Elastic tensor in Gpa
  116.6746    26.2916    21.6614    -2.6310     4.9948     2.2376
   26.2916    64.5116    11.5143     1.8840     5.8244     4.4658
   21.6614    11.5143    57.6707    -3.0908     9.9715     2.4691
   -2.6310     1.8840    -3.0908     7.3016    -1.8200     1.4606
    4.9948     5.8244     9.9715    -1.8200     7.3768     4.6309
    2.2376     4.4658     2.4691     1.4606     4.6309    13.8120
