
# stiffness tensor (GPa) for 333-HD-100C-14-VASP by deform-box method
64.1434922161419 17.1606922725768 43.9772931201836 11.179271501764 -17.4441083161126 14.9147365598002
17.1606922725768 57.2555218178038 54.0582810483867 15.6254427060232 -7.09845044800245 7.5880768388737
43.9772931201836 54.0582810483867 101.931283237071 7.86495805342008 -11.0305263170642 -5.1009496021775
11.179271501764 15.6254427060232 7.86495805342008 21.5469006717257 7.43051850972893 -2.73509946003937
-17.4441083161126 -7.09845044800245 -11.0305263170642 7.43051850972893 24.1497589378805 -10.5561818538561
14.9147365598002 7.5880768388737 -5.1009496021775 -2.73509946003937 -10.5561818538561 19.6976693496249

