# Elastic tensor in Gpa
   16.1578     5.0018     5.5346     0.5328     0.0042     2.0129
    5.0018    19.3846     7.0840     1.9728     1.5844     2.2927
    5.5346     7.0840    21.9174     1.1177    -0.3268    -0.4764
    0.5328     1.9728     1.1177     4.0702    -0.4077    -0.0311
    0.0042     1.5844    -0.3268    -0.4077     2.5565     0.5520
    2.0129     2.2927    -0.4764    -0.0311     0.5520     4.8277
