# Elastic tensor in Gpa
   27.1852    -2.0618     1.4657    -1.0660    -1.1506     1.5765
   -2.0618     5.3857    -2.9559    -3.4563     0.0203     6.5458
    1.4657    -2.9559    -6.4224    -0.7654     5.5206     2.6849
   -1.0660    -3.4563    -0.7654     1.0169     1.6717     3.5435
   -1.1506     0.0203     5.5206     1.6717     0.4711    -0.2338
    1.5765     6.5458     2.6849     3.5435    -0.2338     0.0665
