# Elastic tensor in Gpa
   14.6705     5.7080     3.1325    -1.2859     0.0082    -0.4520
    5.7080    14.7172     4.9936    -0.5358     1.2459     0.5222
    3.1325     4.9936    18.6263     0.4040     0.5602    -0.1835
   -1.2859    -0.5358     0.4040     2.6333    -0.4360     0.7156
    0.0082     1.2459     0.5602    -0.4360     1.6819    -0.4001
   -0.4520     0.5222    -0.1835     0.7156    -0.4001     2.9729
