
# stiffness tensor (GPa) for 333-EXP-1-vasp-an by deform-box method
55.1362941814065 -2.7153179734507 9.09760964968875 20.8071890809222 11.5359019395773 -7.2781515434153
-2.7153179734507 33.9131300782254 4.0173681557251 9.4047846813379 -1.93316869324387 0.29088049909302
9.09760964968875 4.0173681557251 29.7714079016932 5.8627322500787 -5.39110714924403 2.64863652296474
20.8071890809222 9.4047846813379 5.8627322500787 13.5413730601293 -0.891254421599645 1.94084230094248
11.5359019395773 -1.93316869324387 -5.39110714924403 -0.891254421599645 16.5259753123088 1.12479094088577
-7.2781515434153 0.29088049909302 2.64863652296474 1.94084230094248 1.12479094088577 5.31551609161072

