# Elastic tensor in Gpa
   48.1277    12.0349    14.0416    -0.6721    -0.8786     1.0941
   12.0349    38.4021    18.2626    -0.0350     0.9780    -0.7038
   14.0416    18.2626    40.5685    -1.3059    -0.0925    -1.2291
   -0.6721    -0.0350    -1.3059     9.3483     0.7089     0.6328
   -0.8786     0.9780    -0.0925     0.7089     5.4461     0.9159
    1.0941    -0.7038    -1.2291     0.6328     0.9159     8.5589
