# Elastic tensor in Gpa
   61.7274    33.2540     9.9560    -5.3979    -2.1426    -6.8289
   33.2540    43.6541    14.6223   -10.2439    -0.3798    -2.8047
    9.9560    14.6223    34.3240   -11.7630    -0.0406    -4.9604
   -5.3979   -10.2439   -11.7630     8.3275     0.2686    -1.9803
   -2.1426    -0.3798    -0.0406     0.2686     5.2820     0.9694
   -6.8289    -2.8047    -4.9604    -1.9803     0.9694     7.8030
