
# stiffness tensor (GPa) for 333U-50C-20-vasp by deform-box method
56.6547133145824 10.8609674838631 42.8484942060218 1.43396593149123 9.38390324981559 5.30497599563881
10.8609674838631 57.4112495269502 5.89461760512003 15.5260685909698 19.1383097454024 19.767097799157
42.8484942060218 5.89461760512003 27.1753647671275 7.0030843725061 -0.46211886926525 10.2146200314522
1.43396593149123 15.5260685909698 7.0030843725061 -1.16968026188899 -12.5578713948332 -3.35164807933876
9.38390324981559 19.1383097454024 -0.46211886926525 -12.5578713948332 10.7448904584483 -2.13965821524696
5.30497599563881 19.767097799157 10.2146200314522 -3.35164807933876 -2.13965821524696 7.86237948743271

