
# stiffness tensor (GPa) for 333U-50C-20-vasp by change-box method
7.55332288783447 16.8734653366942 24.4869524426779 18.8970583446726 -11.972780670336 -5.93393275666905
16.8734653366942 103.04320947802 24.6309956315028 11.3966112566752 -14.1187004315395 9.4019501601134
24.4869524426779 24.6309956315028 43.763585761824 -12.6212197249428 -14.6297692417162 -7.1676858012282
18.8970583446726 11.3966112566752 -12.6212197249428 20.9213591826896 -2.23538752556715 2.08878193759736
-11.972780670336 -14.1187004315395 -14.6297692417162 -2.23538752556715 26.2660808054099 -0.704977288875365
-5.93393275666905 9.4019501601134 -7.1676858012282 2.08878193759736 -0.704977288875365 13.5395183230688

