
# stiffness tensor (GPa) for 333U-50C-20-vasp by change-box method
9.4877443581566 13.7216659783408 4.25926129831953 9.35860046554395 -13.8317724148219 11.9686894651676
13.7216659783408 62.1669515379392 1.3603363614822 16.5900546979939 -4.91003308366976 24.5874708038029
4.25926129831953 1.3603363614822 15.9940596833815 16.3040769627274 -0.966340545558171 37.8100758795666
9.35860046554395 16.5900546979939 16.3040769627274 0.327993946151285 -4.99043981100749 0.521081481516992
-13.8317724148219 -4.91003308366976 -0.966340545558171 -4.99043981100749 5.23512105659075 1.00565140561033
11.9686894651676 24.5874708038029 37.8100758795666 0.521081481516992 1.00565140561033 0.103394284757105

