# Elastic tensor in Gpa
   48.1947    18.1665    17.3303     0.3649    -2.0848    -0.7688
   18.1665    48.7452    15.7990    -1.6124    -0.9851    -2.2269
   17.3303    15.7990    36.6854    -1.2506     0.9637    -0.5832
    0.3649    -1.6124    -1.2506     7.5698    -0.0278    -0.1312
   -2.0848    -0.9851     0.9637    -0.0278     6.0172     0.7988
   -0.7688    -2.2269    -0.5832    -0.1312     0.7988     9.0571
