
# stiffness tensor (GPa) for 333U-50C-48-vasp by deform-box method
59.6560333015975 52.0640828038428 21.5466838863478 14.7390120573099 -9.69101551135908 -24.64508356604
52.0640828038428 45.0745370634809 19.7824788906204 -1.79493501837161 -10.7160035724768 -3.97465319997276
21.5466838863478 19.7824788906204 38.9894240322716 3.8410494785535 1.07965221849533 -12.0143565499603
14.7390120573099 -1.79493501837161 3.8410494785535 1.925713513999 -8.38449717989415 2.03099308477033
-9.69101551135908 -10.7160035724768 1.07965221849533 -8.38449717989415 -1.03940135171729 -3.72054855955551
-24.64508356604 -3.97465319997276 -12.0143565499603 2.03099308477033 -3.72054855955551 14.0429957286552

