# Elastic tensor in Gpa
   42.5908    17.6418    17.0954    -0.1253    -0.8072     0.5393
   17.6418    40.9937    16.3953    -1.9229    -1.5372     0.1861
   17.0954    16.3953    38.4771    -2.3482    -0.1625     0.2865
   -0.1253    -1.9229    -2.3482     5.5466    -0.1472     0.1343
   -0.8072    -1.5372    -0.1625    -0.1472     5.8246     1.1001
    0.5393     0.1861     0.2865     0.1343     1.1001     8.4411
