127.834899432189 37.6415771883285 40.576112859296 -4.92406581365052 -9.77452341436753 -5.23688763259285
37.6415771883285 111.432170157897 44.7014932604752 6.74644358235503 -5.11792339309556 -6.63638732907438
40.576112859296 44.7014932604752 97.7980474198011 -2.73590281876158 -1.38433886812067 -3.70089613227158
-4.92406581365052 6.74644358235503 -2.73590281876158 28.0542146035209 -3.81489684870152 -0.40515847848295
-9.77452341436753 -5.11792339309556 -1.38433886812067 -3.81489684870152 19.3368181185476 5.47846694280679
-5.23688763259285 -6.63638732907438 -3.70089613227158 -0.40515847848295 5.47846694280679 23.8914155217223
