# Elastic tensor in Gpa
   73.1608    22.0565    26.6984    -0.2289    -0.8024    -0.1605
   22.0565    69.2199    27.5963    -0.9591    -0.3300    -1.0195
   26.6984    27.5963    70.5243    -1.4974    -0.6494     0.0345
   -0.2289    -0.9591    -1.4974    12.5612     0.5930    -0.5367
   -0.8024    -0.3300    -0.6494     0.5930     8.9971     0.1124
   -0.1605    -1.0195     0.0345    -0.5367     0.1124    14.7537
