
# stiffness tensor (GPa) for 333-HD-100C-11-VASP by deform-box method
75.1304787587744 64.8669545477917 63.7485215674427 -7.13485449761643 -0.376974686391645 5.86029139316915
64.8669545477917 100.009374264477 54.4108684004975 7.1428494087581 10.2027071924529 -4.48210622281039
63.7485215674427 54.4108684004975 104.495490794891 4.44454804543402 18.8366464485897 -4.15188781026518
-7.13485449761643 7.1428494087581 4.44454804543402 12.8033898742904 -4.23986702379878 -8.84869450873385
-0.376974686391645 10.2027071924529 18.8366464485897 -4.23986702379878 13.8781449998016 -1.94216291187505
5.86029139316915 -4.48210622281039 -4.15188781026518 -8.84869450873385 -1.94216291187505 8.95010293603797

