# Elastic tensor in Gpa
   78.9602    30.4441    26.8157     3.9988     3.0427    -7.0378
   30.4441    84.3751    47.2351     1.5980    -5.4285     3.2964
   26.8157    47.2351    73.3410     1.8553    -7.9427   -13.1453
    3.9988     1.5980     1.8553    11.1661    -2.6707    -0.9300
    3.0427    -5.4285    -7.9427    -2.6707    15.8990    -1.1481
   -7.0378     3.2964   -13.1453    -0.9300    -1.1481    12.4315
