
# stiffness tensor (GPa) for 333-HD-100C-20-VASP-an by change-box method
63.5907275205163 21.6043946592233 37.884816235512 -7.45247752965668 -12.6040515213799 -10.5057672117233
21.6043946592233 29.5598949895851 42.5049089443233 -24.0162034917682 -14.5611527981995 -4.99837649608797
37.884816235512 42.5049089443233 68.0254847576949 -22.3527472329501 -16.2755417487168 -0.73076102702875
-7.45247752965668 -24.0162034917682 -22.3527472329501 8.01662804177263 -2.61025196051261 -2.46338039898415
-12.6040515213799 -14.5611527981995 -16.2755417487168 -2.61025196051261 11.892865689741 0.523650779587445
-10.5057672117233 -4.99837649608797 -0.73076102702875 -2.46338039898415 0.523650779587445 10.8506651731447

