
# stiffness tensor (GPa) for 333U-50C-26-vasp by change-box method
30.6346069428372 23.2665098100469 -14.8041287331002 -9.36625457486512 -30.5860882683461 -10.2078531081669
23.2665098100469 17.5558607357455 9.48644166185291 5.19326228545204 -25.5840818870276 -17.5895461736213
-14.8041287331002 9.48644166185291 -7.2840590149943 -12.0743232142869 -8.21212395996467 4.577622522961
-9.36625457486512 5.19326228545204 -12.0743232142869 4.93535745279138 -4.9722183534289 0.54506851645989
-30.5860882683461 -25.5840818870276 -8.21212395996467 -4.9722183534289 -2.89229755545051 -1.76032901504037
-10.2078531081669 -17.5895461736213 4.577622522961 0.54506851645989 -1.76032901504037 0.562869812911195

