
# stiffness tensor (GPa) for 333U-50C-26-vasp by change-box method
-1.30037795006305 0.56413508355225 4.33917181117385 -2.50445556848696 -21.8619922097636 3.10866278184045
0.56413508355225 -0.0754866744630007 18.0788085951208 11.1116784187357 20.1462657098876 -14.1633914700137
4.33917181117385 18.0788085951208 39.4777281370895 -8.74180303440906 2.69785795172089 5.41819973969548
-2.50445556848696 11.1116784187357 -8.74180303440906 8.0271814533186 -5.35106187937122 4.32112151863188
-21.8619922097636 20.1462657098876 2.69785795172089 -5.35106187937122 12.5239086501192 2.93745724565271
3.10866278184045 -14.1633914700137 5.41819973969548 4.32112151863188 2.93745724565271 -0.04043204997211

