
# stiffness tensor (GPa) for 333-HD-100C-11-VASP by change-box method
100.608475396005 38.6833458049193 35.2062709656862 10.3639704099253 3.6212756071239 -6.67322830029112
38.6833458049193 12.7325231493488 -20.7138215945564 9.5022312707103 2.07936507158614 1.64071723969335
35.2062709656862 -20.7138215945564 32.9866106903512 26.468152046313 -5.06084044794629 -2.42132233952585
10.3639704099253 9.5022312707103 26.468152046313 2.39224712238415 0.780061210661315 5.39268157636627
3.6212756071239 2.07936507158614 -5.06084044794629 0.780061210661315 14.4841650915317 4.4223344212266
-6.67322830029112 1.64071723969335 -2.42132233952585 5.39268157636627 4.4223344212266 4.54926101443927

