# Elastic tensor in Gpa
   75.4338    23.2119    25.2801     4.8709    -1.4126    -2.0774
   23.2119    79.0178    21.7626     0.1610    -4.1869    -0.2399
   25.2801    21.7626    53.0627     6.5914     0.0374     1.1321
    4.8709     0.1610     6.5914     3.1267     0.4588    -0.4587
   -1.4126    -4.1869     0.0374     0.4588     9.9116    -2.6304
   -2.0774    -0.2399     1.1321    -0.4587    -2.6304     9.4695
