# Elastic tensor in Gpa
    5.0967    -9.1248    13.8481    -4.4745     5.5535    -4.0420
   -9.1248     5.2459    15.2623    -0.5684    -5.1351    -4.5186
   13.8481    15.2623    43.3418     7.7852     4.9429    -3.3483
   -4.4745    -0.5684     7.7852    13.0205    -3.7610     1.3845
    5.5535    -5.1351     4.9429    -3.7610     2.9426    -2.3808
   -4.0420    -4.5186    -3.3483     1.3845    -2.3808    -0.0728
