# Elastic tensor in Gpa
   15.8026    -1.9719     2.1971     3.8391   -11.5847    -5.3841
   -1.9719   -14.6799    -6.1261     0.5130     0.7649     1.1918
    2.1971    -6.1261   -15.9042    -5.9911     1.9999     2.5984
    3.8391     0.5130    -5.9911     0.3482    -3.7395     3.3361
  -11.5847     0.7649     1.9999    -3.7395    -2.9477    -4.4375
   -5.3841     1.1918     2.5984     3.3361    -4.4375     5.3560
