
# stiffness tensor (GPa) for 333U-50C-1-vasp-an by change-box method
62.0686500600096 11.841872543844 18.4493061467056 14.6827385315383 4.89854164408463 -1.59353351601885
11.841872543844 86.5751831813806 35.3879235467366 7.82363182230953 -4.62006164596647 1.77877492475927
18.4493061467056 35.3879235467366 58.3504110340409 19.5231789909929 12.6995222127237 0.32811912599048
14.6827385315383 7.82363182230953 19.5231789909929 13.8716179837973 6.23291238355296 -4.26545863416696
4.89854164408463 -4.62006164596647 12.6995222127237 6.23291238355296 20.1971373549547 -0.488821161479545
-1.59353351601885 1.77877492475927 0.32811912599048 -4.26545863416696 -0.488821161479545 -3.91418102050817

