# Cij Matrix from post process computation
690868116791.69836 -170190564713.33771 192806496793.10748 -29546361799.10246 -11385622805.37887 191590533886.33212
-170190564713.33771 684853501341.29480 190748068586.31039 40607153456.46301 11885071070.17061 -187287394377.10025
192806496793.10748 190748068586.31039 320046000999.12024 9344076504.12397 3372888300.39089 4085816992.78349
-29546361799.10246 40607153456.46301 9344076504.12397 413830225497.94208 205300038309.79181 18396154255.83579
-11385622805.37887 11885071070.17061 3372888300.39089 205300038309.79181 1052788229151.48792 74969864693.27931
191590533886.33212 -187287394377.10025 4085816992.78349 18396154255.83579 74969864693.27931 1015345326928.30151
