# Cij Matrix from post process computation
855.55402 -237.46438 226.53049  4.93462 26.56257 293.02098
-237.46438 847.87217 223.73438 -3.78602 -19.14576 -293.71489
226.53049 223.73438 376.83673  0.37278  3.34327 -0.91171
 4.93462 -3.78602  0.37278 535.16106 287.24853 -2.20210
26.56257 -19.14576  3.34327 287.24853 1307.71199  4.43656
293.02098 -293.71489 -0.91171 -2.20210  4.43656 1283.27863
