# Cij Matrix from post process computation
862.46279 -250.01986 224.48696  2.23877  7.04751 298.52565
-250.01986 860.44628 222.93453 -0.61019 -3.37130 -293.22589
224.48696 222.93453 374.04016  0.76041  2.65323  3.36527
 2.23877 -0.61019  0.76041 561.33849 310.19163  4.77676
 7.04751 -3.37130  2.65323 310.19163 1345.63923  3.40733
298.52565 -293.22589  3.36527  4.77676  3.40733 1337.85958
