# Cij Matrix from post process computation
201.02633 125.24924 128.20943  6.32187 22.68480 -23.81791
125.24924 203.04187 121.90278 -7.12094 -23.83272 22.03431
128.20943 121.90278 174.83596 -3.50325 -0.15461 -1.18803
 6.32187 -7.12094 -3.50325 23.47281 -10.81558 -3.91562
22.68480 -23.83272 -0.15461 -10.81558 20.10660 22.39489
-23.81791 22.03431 -1.18803 -3.91562 22.39489 -10.19634
