# Cij Matrix from post process computation
211.36625 118.49788 125.81960 -5.23700  8.08939 -3.46104
118.49788 213.18381 128.57093  1.43847 -3.95511  2.56095
125.81960 128.57093 185.45549  1.72056  2.84328  4.75857
-5.23700  1.43847  1.72056 46.02534  5.57282 -2.64419
 8.08939 -3.95511  2.84328  5.57282 69.51988 -1.18526
-3.46104  2.56095  4.75857 -2.64419 -1.18526 53.10402
