# Cij Matrix from post process computation
200.71028 131.79865 124.15816 -5.15196 -3.68080 -20.93872
131.79865 196.46379 128.41042  1.94531 -1.21284 15.90458
124.15816 128.41042 181.65499 -2.73560 -0.70809 -5.24935
-5.15196  1.94531 -2.73560 23.60351 -14.89301 -6.38378
-3.68080 -1.21284 -0.70809 -14.89301 19.92904 -9.16198
-20.93872 15.90458 -5.24935 -6.38378 -9.16198 23.68038
