# Cij Matrix from post process computation
237786022002.52539 143362759132.87991 159420050763.54346 5318943770.53604 12816614091.65972 -9904926609.80325
143362759132.87991 242825623841.16034 157827889376.42566 7651111588.05512 -3587682875.17915 5141178542.77728
159420050763.54346 157827889376.42566 210693876332.06180 1217333415.69289 9547175197.17123 3108361353.86560
5318943770.53604 7651111588.05512 1217333415.69289 55256570970.08737 -24595579884.51636 -5696268602.46456
12816614091.65972 -3587682875.17915 9547175197.17123 -24595579884.51636 6205882694.67252 -16049643633.35330
-9904926609.80325 5141178542.77728 3108361353.86560 -5696268602.46456 -16049643633.35330 74001806502.04898
