# Cij Matrix from post process computation
215948640347.30841 98599770005.61688 122010386972.00394 -2964393024.72829 -9550154881.48540 8347913666.06827
98599770005.61688 217515358342.91962 123245076060.57544 5303900526.05090 9855841617.81367 -9894959284.12677
122010386972.00394 123245076060.57544 175649877658.71277 -690314838.81580 103863319.17543 -3883940963.30205
-2964393024.72829 5303900526.05090 -690314838.81580 65565024226.53574 8338246171.57584 2154854271.97695
-9550154881.48540 9855841617.81367 103863319.17543 8338246171.57584 118330037939.92276 2292845097.21927
8347913666.06827 -9894959284.12677 -3883940963.30205 2154854271.97695 2292845097.21927 89670736485.57828
