# Cij Matrix from post process computation
475594119134.18762 -268790334718.95459 70796109821.10355 -26581968774.37416 -1835467923.89347 183242620220.26385
-268790334718.95459 468012785688.17285 67502992525.73496 35303252930.41212 2029229452.35695 -177392435092.97348
70796109821.10355 67502992525.73496 145070766030.20514 10034391342.93977 3269024981.21545 7969757956.08553
-26581968774.37416 35303252930.41212 10034391342.93977 348602522616.30518 196961792138.21597 16241299983.85884
-1835467923.89347 2029229452.35695 3269024981.21545 196961792138.21597 934795512556.46399 72677019596.06004
183242620220.26385 -177392435092.97348 7969757956.08553 16241299983.85884 72677019596.06004 926011911787.62207
