# Cij Matrix from post process computation
655.20233 -362.71362 98.32106 -1.38725  3.87777 316.83889
-362.71362 645.50494 101.83160  3.33492  4.68697 -315.74919
98.32106 101.83160 202.67541  3.87603  3.49788  0.27631
-1.38725  3.33492  3.87603 512.02557 298.06411  1.71352
 3.87777  4.68697  3.49788 298.06411 1287.94271 -17.95833
316.83889 -315.74919  0.27631  1.71352 -17.95833 1293.81230
