# Cij Matrix from post process computation
660.55967 -378.46541 99.95461  1.22323 -8.01559 322.04904
-378.46541 663.67681 96.26888  0.37975  6.33211 -319.41796
99.95461 96.26888 193.14131  2.17433 -2.56224  3.20854
 1.22323  0.37975  2.17433 527.46814 309.27153  0.28773
-8.01559  6.33211 -2.56224 309.27153 1300.71767  9.61960
322.04904 -319.41796  3.20854  0.28773  9.61960 1302.25910
