# Elastic tensor in Gpa
   25.2026     5.7589     8.7809    -0.3249    -2.1386    -2.0755
    5.7589    11.9354     3.6261    -3.5565    -1.9411    -0.3345
    8.7809     3.6261    22.7668    -3.2309     0.1341     3.1644
   -0.3249    -3.5565    -3.2309    -2.5088    -1.1467     2.4230
   -2.1386    -1.9411     0.1341    -1.1467     2.7199     1.2339
   -2.0755    -0.3345     3.1644     2.4230     1.2339     3.0833
