
# stiffness tensor (GPa) for 333-EXP-27-vasp-an by deform-box method
49.8224842403221 18.0364974932779 13.4550652796432 4.55492784276957 10.3477866977165 -4.22021603612261
18.0364974932779 25.648319560784 19.0603215977798 -2.63574943882602 10.4058601307644 -20.977905058237
13.4550652796432 19.0603215977798 -8.76975710055952 -18.4903868818094 11.2774135637152 -11.0789455436085
4.55492784276957 -2.63574943882602 -18.4903868818094 -1.59511217451495 3.16206929729468 3.30499038921306
10.3477866977165 10.4058601307644 11.2774135637152 3.16206929729468 23.8413589773143 0.154787934373032
-4.22021603612261 -20.977905058237 -11.0789455436085 3.30499038921306 0.154787934373032 2.65430199546462

