
# stiffness tensor (GPa) for 333-EXP-27-vasp by change-box method
51.9540745600135 22.9640216989379 17.2690102518662 1.020517176512 -45.8330178416316 23.7983052851337
22.9640216989379 0.189107995175348 -7.60244267366065 22.7565405380438 -28.4126482905949 6.7104428172951
17.2690102518662 -7.60244267366065 2.68537784556895 2.65271423273595 -16.3304676466607 3.5842434169049
1.020517176512 22.7565405380438 2.65271423273595 16.7902005229641 1.56243112377407 -4.84475697994495
-45.8330178416316 -28.4126482905949 -16.3304676466607 1.56243112377407 0.755770504517049 -1.26661874576185
23.7983052851337 6.7104428172951 3.5842434169049 -4.84475697994495 -1.26661874576185 13.1412416966498

