
# stiffness tensor (GPa) for 333-EXP-11-vasp by change-box method
34.8199882420884 1.39055696140906 13.8641746142162 11.4534545907668 0.0908836051481401 8.3838388970827
1.39055696140906 30.1355607838908 -1.41408066960255 -4.52422610920135 7.80446779225383 7.83136594583534
13.8641746142162 -1.41408066960255 14.5080339801383 10.9417031397631 0.25336896695988 16.4484754967279
11.4534545907668 -4.52422610920135 10.9417031397631 4.87353344076618 -3.98468193351144 -3.27618814923374
0.0908836051481401 7.80446779225383 0.25336896695988 -3.98468193351144 3.67473399869543 3.17076617557146
8.3838388970827 7.83136594583534 16.4484754967279 -3.27618814923374 3.17076617557146 1.710136676337

