
# stiffness tensor (GPa) for 333-EXP-11-vasp by change-box method
27.20227058233 -6.8357853299741 13.048700045462 -0.83880786896692 16.2648692774684 -5.20253185399417
-6.8357853299741 46.2170936962852 -23.3145637085345 -8.33147973285934 10.8173271408594 12.3801686723505
13.048700045462 -23.3145637085345 -28.7695657395887 -6.05645094702726 15.4679590090934 -22.1281610750009
-0.83880786896692 -8.33147973285934 -6.05645094702726 3.53374751438937 -6.80541633863233 0.8103590105247
16.2648692774684 10.8173271408594 15.4679590090934 -6.80541633863233 -0.22428539939577 -3.93014381997747
-5.20253185399417 12.3801686723505 -22.1281610750009 0.8103590105247 -3.93014381997747 14.4546267085241

