
# stiffness tensor (GPa) for 333U-50C-9-vasp by change-box method
8.75803509262135 20.1770748234338 28.8436591043322 -2.24974886245003 14.669239494489 12.2805019046166
20.1770748234338 50.9548778914009 47.5065595356262 -5.10223779469655 6.19236329857543 -14.6984969599849
28.8436591043322 47.5065595356262 35.95415110495 -26.8168522554944 7.26524481110466 -1.53297407374041
-2.24974886245003 -5.10223779469655 -26.8168522554944 -3.56640280916001 -3.18988044652696 -3.03852378599892
14.669239494489 6.19236329857543 7.26524481110466 -3.18988044652696 7.72417435993245 -0.345896879939068
12.2805019046166 -14.6984969599849 -1.53297407374041 -3.03852378599892 -0.345896879939068 6.91839669614335

