# Elastic tensor in Gpa
   45.0743    10.2140    13.3593     1.0228    -2.2945    -1.2126
   10.2140    50.9147    19.6789    -0.6966    -4.8171    -3.1568
   13.3593    19.6789    45.3765     2.3283    -4.9736    -4.5993
    1.0228    -0.6966     2.3283     8.1406    -0.4719    -4.4253
   -2.2945    -4.8171    -4.9736    -0.4719     6.8787    -0.8714
   -1.2126    -3.1568    -4.5993    -4.4253    -0.8714    10.6234
