# Elastic tensor in Gpa
   27.3890     9.4648    10.9323     0.2000    -0.0561    -1.0846
    9.4648    40.0902    13.2040     1.1918     0.3722    -1.3127
   10.9323    13.2040    34.7161     1.7354    -0.6141    -1.4872
    0.2000     1.1918     1.7354     5.9883    -0.1853    -0.9457
   -0.0561     0.3722    -0.6141    -0.1853     5.5323     0.4903
   -1.0846    -1.3127    -1.4872    -0.9457     0.4903     6.6150
