
# stiffness tensor (GPa) for 333-EXP-11-vasp-an by change-box method
40.9595598123988 11.5765220058348 58.1465935883112 -6.57946545900409 -3.4650292401223 -0.744393091740944
11.5765220058348 24.3714076550676 23.7921927434938 11.0467325384539 0.56046827889849 -10.7462209611988
58.1465935883112 23.7921927434938 52.2609304091461 -30.1505380248799 -1.724902337643 -10.7793217248783
-6.57946545900409 11.0467325384539 -30.1505380248799 5.79199045574632 2.64082103086331 0.154370297014565
-3.4650292401223 0.56046827889849 -1.724902337643 2.64082103086331 10.2301006703347 -7.25114874219459
-0.744393091740944 -10.7462209611988 -10.7793217248783 0.154370297014565 -7.25114874219459 3.96041631270362

