
# stiffness tensor (GPa) for 333U-50C-48-vasp-an by deform-box method
82.2723900462894 24.3260889328032 26.7953653935804 12.1012949646848 -10.9597616986374 1.42211805478482
24.3260889328032 23.5228018731183 31.1907356520137 0.20237610760762 -21.7796700696053 2.71971889415877
26.7953653935804 31.1907356520137 19.5277982272238 4.86766663347028 1.41722485054524 -7.22437485273395
12.1012949646848 0.20237610760762 4.86766663347028 7.20875587802963 -3.1013899328816 0.777597503546185
-10.9597616986374 -21.7796700696053 1.41722485054524 -3.1013899328816 7.97924950002003 -1.78081415937485
1.42211805478482 2.71971889415877 -7.22437485273395 0.777597503546185 -1.78081415937485 2.94160088867029

