
# stiffness tensor (GPa) for 333U-50C-9-vasp by change-box method
33.0865683813659 18.7614591596483 -18.1299968687978 0.26395184723596 -18.8287405386414 21.4865752566518
18.7614591596483 11.0283397799519 4.37846517174047 8.84224764500743 -4.21342903894059 23.6976892104308
-18.1299968687978 4.37846517174047 6.99119090204185 13.4262696821578 -13.4590566480599 0.854713338288255
0.26395184723596 8.84224764500743 13.4262696821578 6.63624454270115 -2.84097697288456 -3.3079677968818
-18.8287405386414 -4.21342903894059 -13.4590566480599 -2.84097697288456 1.86839749298506 -8.8974310693998
21.4865752566518 23.6976892104308 0.854713338288255 -3.3079677968818 -8.8974310693998 3.82199013182875

