
# stiffness tensor (GPa) for 333U-50C-1-vasp-an by deform-box method
56.7861689188143 19.7977694911337 12.5939425088913 -12.559134808173 -8.50981764053783 -14.3058763236576
19.7977694911337 28.6319926185759 -0.49629131320515 -17.7900950820729 -10.5661358541952 1.80143185081458
12.5939425088913 -0.49629131320515 33.2661432274133 4.44968276428152 -13.8223626708172 -6.32219010415955
-12.559134808173 -17.7900950820729 4.44968276428152 9.05366004435161 -5.50357490158917 -1.04613743734015
-8.50981764053783 -10.5661358541952 -13.8223626708172 -5.50357490158917 0.4105485924356 9.32188011874415
-14.3058763236576 1.80143185081458 -6.32219010415955 -1.04613743734015 9.32188011874415 1.71542126824436

