
# stiffness tensor (GPa) for 333U-50C-48-vasp-an by change-box method
83.117607994203 31.4626009300521 41.5143336226154 11.4491683076457 -7.997087752087 11.6163879977464
31.4626009300521 71.1494305274707 15.3894035152633 11.4085293383077 -13.2020969931776 -13.2068830795521
41.5143336226154 15.3894035152633 15.7205730937732 7.50268812250667 -20.8765307293583 3.84332967490364
11.4491683076457 11.4085293383077 7.50268812250667 15.6372000132875 -1.48806092988771 -2.63225865555876
-7.997087752087 -13.2020969931776 -20.8765307293583 -1.48806092988771 15.4810013377958 6.15303469326274
11.6163879977464 -13.2068830795521 3.84332967490364 -2.63225865555876 6.15303469326274 2.80597067978803

