# Elastic tensor in Gpa
   26.2623     5.0421     7.0396     0.3894    -0.2933    -0.3890
    5.0421    23.9953     5.9185    -0.5608     0.3296    -0.3532
    7.0396     5.9185    26.2559    -0.3235    -0.4116     0.0310
    0.3894    -0.5608    -0.3235     5.0829    -0.2592    -0.3276
   -0.2933     0.3296    -0.4116    -0.2592     4.1386     0.1157
   -0.3890    -0.3532     0.0310    -0.3276     0.1157     5.2078
