
# stiffness tensor (GPa) for 333U-50C-14-vasp by change-box method
39.9078451719091 12.6006551830208 -5.11120177717174 18.6612744597364 11.8824329274851 12.2116670518298
12.6006551830208 34.0623592412564 7.21267031833883 0.54884842023831 -16.1469661798911 14.5459557607625
-5.11120177717174 7.21267031833883 28.369496257095 -1.76382232161983 2.49623587503911 4.46707251532121
18.6612744597364 0.54884842023831 -1.76382232161983 -5.705299419554 6.84810793380474 -2.95879221244753
11.8824329274851 -16.1469661798911 2.49623587503911 6.84810793380474 -0.2935697519667 1.25392843950913
12.2116670518298 14.5459557607625 4.46707251532121 -2.95879221244753 1.25392843950913 5.46025442862672

