
# stiffness tensor (GPa) for 333U-50C-48-vasp by change-box method
48.5053863237908 29.917711848798 29.2139120190497 16.1546211832766 -10.6636719297816 16.2019296803892
29.917711848798 73.2344558489563 40.6450528303042 -4.10342737384727 -11.6817241897582 9.10973075091363
29.2139120190497 40.6450528303042 55.8467535387628 17.0663797407536 -14.8996557900778 32.5066753435888
16.1546211832766 -4.10342737384727 17.0663797407536 7.73325908069932 -3.12311120735557 -5.06543151986821
-10.6636719297816 -11.6817241897582 -14.8996557900778 -3.12311120735557 -4.74580524427335 -2.31820520418938
16.2019296803892 9.10973075091363 32.5066753435888 -5.06543151986821 -2.31820520418938 7.74394891345746

