
# stiffness tensor (GPa) for 333-EXP-27-vasp-an by change-box method
56.2546306234849 6.83383122239012 4.1343309165773 5.56722311010911 -2.99642633118893 5.14735753711496
6.83383122239012 23.9381275796659 -25.0350537692739 4.10877072207579 20.7223396157102 6.96337302084222
4.1343309165773 -25.0350537692739 -5.1550621110703 4.54154046616515 14.6718725426721 7.62746610006044
5.56722311010911 4.10877072207579 4.54154046616515 3.12751247306665 -9.7380124468601 2.88213902942042
-2.99642633118893 20.7223396157102 14.6718725426721 -9.7380124468601 10.7849238539091 -0.834341400766452
5.14735753711496 6.96337302084222 7.62746610006044 2.88213902942042 -0.834341400766452 10.6490679850929

