
# stiffness tensor (GPa) for 333-RV-32-vasp-an by change-box method
18.7098491476538 38.0932724058449 21.6781678746762 13.9820722164548 -7.45962491615042 6.64191417042105
38.0932724058449 64.3703634414218 14.1741669229702 -11.2006077518032 5.23877768691131 -1.52532540732597
21.6781678746762 14.1741669229702 70.3110805737673 9.61677265274925 -0.282299471422357 6.5968181907893
13.9820722164548 -11.2006077518032 9.61677265274925 5.64669827449753 -6.33139952383473 -1.0340767495927
-7.45962491615042 5.23877768691131 -0.282299471422357 -6.33139952383473 2.50409458116859 -4.25547408795666
6.64191417042105 -1.52532540732597 6.5968181907893 -1.0340767495927 -4.25547408795666 1.94593278274758

