# Elastic tensor in Gpa
   59.9482    21.2939     9.0618     0.4940    -3.0744     2.8877
   21.2939    81.8796    37.7814    -0.0667     1.5106    -3.7572
    9.0618    37.7814    47.1019     2.8692    -1.4891     2.1980
    0.4940    -0.0667     2.8692     6.9129    -0.1395    -0.4532
   -3.0744     1.5106    -1.4891    -0.1395     8.2246    -1.3134
    2.8877    -3.7572     2.1980    -0.4532    -1.3134    13.0350
