
# stiffness tensor (GPa) for 333U-50C-20-vasp-an by change-box method
88.2430422340863 3.38194461643157 28.7085394976565 6.5359969863071 -5.8071182711043 -2.00838373542305
3.38194461643157 45.2043886965538 24.7967742096598 -9.70103145294168 10.0517781158338 -12.4731659810272
28.7085394976565 24.7967742096598 41.4338636376943 7.15454052856318 5.75333252793541 -16.3704998813712
6.5359969863071 -9.70103145294168 7.15454052856318 11.2024995069105 5.81414655536319 -0.223527363113085
-5.8071182711043 10.0517781158338 5.75333252793541 5.81414655536319 19.0449918368518 0.027555634004675
-2.00838373542305 -12.4731659810272 -16.3704998813712 -0.223527363113085 0.027555634004675 0.3822147741405

