# Elastic tensor in Gpa
   16.0965     7.8090    -0.0576     3.6005     2.7086    -1.7851
    7.8090    39.1021     7.7436     1.1187     0.6728    -1.7628
   -0.0576     7.7436    19.1011     3.5597     3.6295    -0.2877
    3.6005     1.1187     3.5597     1.2466     0.1225     0.8170
    2.7086     0.6728     3.6295     0.1225     4.0070     1.4360
   -1.7851    -1.7628    -0.2877     0.8170     1.4360     4.7057
