
# stiffness tensor (GPa) for 333-EXP-1-vasp by deform-box method
52.1319099951832 19.0081106558417 23.3513160192167 4.62732695781034 -13.5783461060807 9.26539614240017
19.0081106558417 45.3050737687455 23.0650682262406 15.8432437514321 1.08380816858674 -12.1196963188722
23.3513160192167 23.0650682262406 15.6308992947918 11.6592911234889 -1.52431012394677 -0.8485145245213
4.62732695781034 15.8432437514321 11.6592911234889 6.32767785246192 -0.80607355289484 1.98234467518858
-13.5783461060807 1.08380816858674 -1.52431012394677 -0.80607355289484 5.53420074539607 5.47297571478552
9.26539614240017 -12.1196963188722 -0.8485145245213 1.98234467518858 5.47297571478552 15.7458882731393

