# Elastic tensor in Gpa
   30.2258    -7.3612     6.5325    -1.9871    -0.9513     8.4367
   -7.3612   -12.3525     4.0895    -4.2925    -1.9776     0.6879
    6.5325     4.0895    22.4596    -1.3704    -3.5456     3.1296
   -1.9871    -4.2925    -1.3704     1.4206    -5.1622     3.2686
   -0.9513    -1.9776    -3.5456    -5.1622     6.4072     0.1687
    8.4367     0.6879     3.1296     3.2686     0.1687     0.1024
