# Elastic tensor in Gpa
   26.5669     6.1227     8.4383     1.2452     0.3006    -0.5140
    6.1227    24.0155     7.3785    -0.2978    -0.7656    -1.1680
    8.4383     7.3785    24.0650     1.0304     0.1192     0.4454
    1.2452    -0.2978     1.0304     2.0824    -0.6439     0.3115
    0.3006    -0.7656     0.1192    -0.6439     2.3230     1.0215
   -0.5140    -1.1680     0.4454     0.3115     1.0215     4.6618
