# Elastic tensor in Gpa
   11.2500     4.0605     2.4124    -0.6231    -0.6400    -0.5838
    4.0605    19.3748     3.7239     0.0726    -1.1544    -1.1928
    2.4124     3.7239    11.0238     0.7783     0.2050    -0.0919
   -0.6231     0.0726     0.7783     4.0351    -0.5210    -0.1274
   -0.6400    -1.1544     0.2050    -0.5210     2.6489    -0.0093
   -0.5838    -1.1928    -0.0919    -0.1274    -0.0093     4.5045
