# Elastic tensor in Gpa
   11.9272     1.5507     4.5014     0.2018    -0.2351    -0.9273
    1.5507    19.8105     4.0490     1.5852     0.3970    -1.0828
    4.5014     4.0490    21.3068     1.3947     0.8625     0.1093
    0.2018     1.5852     1.3947     3.9515    -1.0333     0.8351
   -0.2351     0.3970     0.8625    -1.0333     3.2021     0.2265
   -0.9273    -1.0828     0.1093     0.8351     0.2265     4.5049
