
# stiffness tensor (GPa) for 333U-50C-26-vasp by deform-box method
-29.3774730996742 -22.6514984777979 -13.3406393316123 5.78733432500505 -0.0522064151595454 -5.179644192146
-22.6514984777979 11.5765268903743 -6.44289837738445 8.85834464972953 2.79089829516079 -1.2778957437937
-13.3406393316123 -6.44289837738445 4.44136307432166 0.36614405371189 -9.48230478439308 -7.50816773512802
5.78733432500505 8.85834464972953 0.36614405371189 5.05900474880332 3.53048298093887 0.34889612108556
-0.0522064151595454 2.79089829516079 -9.48230478439308 3.53048298093887 5.94499692258528 5.33962359671845
-5.179644192146 -1.2778957437937 -7.50816773512802 0.34889612108556 5.33962359671845 1.95028413857665

