# Elastic tensor in Gpa
   11.7690    -4.8858     9.3178    -2.9064     1.7378    -4.2518
   -4.8858     1.3816    16.1744    -3.4815     4.4475    -8.1442
    9.3178    16.1744    30.8533     4.4277    -0.2048     0.6377
   -2.9064    -3.4815     4.4277     3.8374     2.1975     1.6153
    1.7378     4.4475    -0.2048     2.1975     1.7219    -5.8651
   -4.2518    -8.1442     0.6377     1.6153    -5.8651    -0.6555
