# Cij Matrix from post process computation
216.01178 85.99936 110.07966  1.30977 -0.21224 10.45994
85.99936 225.23702 114.03654 -3.47277  1.69949 -16.44162
110.07966 114.03654 158.82748 -2.07332  0.44370 -5.71486
 1.30977 -3.47277 -2.07332 58.63474  7.56960  9.60749
-0.21224  1.69949  0.44370  7.56960 106.59919  8.24746
10.45994 -16.44162 -5.71486  9.60749  8.24746 110.56723
