# Cij Matrix from post process computation
215.94864 98.59977 122.01039 -2.96439 -9.55015  8.34791
98.59977 217.51536 123.24508  5.30390  9.85584 -9.89496
122.01039 123.24508 175.64988 -0.69031  0.10386 -3.88394
-2.96439  5.30390 -0.69031 65.56502  8.33825  2.15485
-9.55015  9.85584  0.10386  8.33825 118.33004  2.29285
 8.34791 -9.89496 -3.88394  2.15485  2.29285 89.67074
