# Elastic tensor in Gpa
   27.8015     6.7852     6.8169    -0.5503    -0.2947    -0.4157
    6.7852    22.9314     5.0860    -0.0692    -0.8011    -1.7469
    6.8169     5.0860    19.0390     0.6754     0.1230    -0.5099
   -0.5503    -0.0692     0.6754     3.2392    -0.5388     0.5374
   -0.2947    -0.8011     0.1230    -0.5388     4.4620     0.5595
   -0.4157    -1.7469    -0.5099     0.5374     0.5595     4.9015
