
# stiffness tensor (GPa) for 333-RV-31-vasp-an by change-box method
-0.9891076878513 5.10547932041075 7.42212142773467 -10.4746563998189 -22.9443447681027 -17.3168734927284
5.10547932041075 39.1702962955866 22.2031757319172 -4.66437906870224 -13.4632464748172 1.44644097033737
7.42212142773467 22.2031757319172 36.8632388187209 1.17563961704309 -26.7692388325032 -4.80344087345402
-10.4746563998189 -4.66437906870224 1.17563961704309 10.6886375446029 -3.16964791383894 6.58019255325747
-22.9443447681027 -13.4632464748172 -26.7692388325032 -3.16964791383894 11.6669257280206 5.51613751622257
-17.3168734927284 1.44644097033737 -4.80344087345402 6.58019255325747 5.51613751622257 7.7559661991822

