
# stiffness tensor (GPa) for 333U-50C-1-vasp by change-box method
61.0775429729506 44.8930357199369 26.2475334105777 18.3698627258761 18.4352168261251 7.86186177870568
44.8930357199369 15.9037602777345 -4.62861069813335 -3.12121668232138 0.78267077849408 -2.0277222692353
26.2475334105777 -4.62861069813335 47.5165405751099 -3.85878080498162 8.47603478010828 6.6482529627679
18.3698627258761 -3.12121668232138 -3.85878080498162 3.85067394908612 -4.13289461165721 -0.0629454455448197
18.4352168261251 0.78267077849408 8.47603478010828 -4.13289461165721 15.5744981479126 1.78650631446085
7.86186177870568 -2.0277222692353 6.6482529627679 -0.0629454455448197 1.78650631446085 9.70644922321091

