# Elastic tensor in Gpa
   98.0104    26.2183    45.0809    12.4597    -0.1438    -0.5196
   26.2183    55.3933    42.8951     0.4483     7.3248     1.7227
   45.0809    42.8951    51.8876     1.7106     5.1764     0.1776
   12.4597     0.4483     1.7106    10.3525    -2.9007    -0.3453
   -0.1438     7.3248     5.1764    -2.9007    23.5768    -0.0083
   -0.5196     1.7227     0.1776    -0.3453    -0.0083     6.7056
