# Elastic tensor in Gpa
   65.5624    21.3471    24.9807     0.1252     0.9033    -0.1487
   21.3471    61.4132    24.2386    -0.3582    -1.6770     0.9507
   24.9807    24.2386    56.8199     2.2330     1.4111    -0.0209
    0.1252    -0.3582     2.2330    11.7637     0.6248    -0.0194
    0.9033    -1.6770     1.4111     0.6248     9.6333     0.4124
   -0.1487     0.9507    -0.0209    -0.0194     0.4124     5.8860
