
# stiffness tensor (GPa) for 333-HD-100C-20-VASP by deform-box method
95.5096432674481 23.2538806876998 32.7703416129148 -10.6927852121279 8.04519547968105 -0.26434322005225
23.2538806876998 57.2634207055552 31.6554380357768 10.8764853636583 -8.1225815292843 8.97166575366037
32.7703416129148 31.6554380357768 76.3156621787318 -0.824647443107055 -0.3543023892076 -14.9579689247605
-10.6927852121279 10.8764853636583 -0.824647443107055 3.24153514932059 1.0748151232576 3.32906446776887
8.04519547968105 -8.1225815292843 -0.3543023892076 1.0748151232576 10.4254824477265 1.72440240921947
-0.26434322005225 8.97166575366037 -14.9579689247605 3.32906446776887 1.72440240921947 14.916737860639

