
# stiffness tensor (GPa) for 333-EXP-6-vasp-an by deform-box method
55.4936614496921 23.8720742762868 20.0207865697238 -7.39179457314427 -9.89546236163215 14.1997094265668
23.8720742762868 43.1612086077571 40.4115788886611 -14.794377687574 -15.6164468698118 27.9306971003121
20.0207865697238 40.4115788886611 36.9344164011497 -20.9377436586495 -11.2160498873734 -3.43250544954608
-7.39179457314427 -14.794377687574 -20.9377436586495 13.3557566921154 3.58775998916914 2.93786542442057
-9.89546236163215 -15.6164468698118 -11.2160498873734 3.58775998916914 -2.55532172944384 2.70940036949754
14.1997094265668 27.9306971003121 -3.43250544954608 2.93786542442057 2.70940036949754 0.80876444867968

