# Cij Matrix from post process computation
694.45639 -172.22943 190.99699  6.48461 -13.25143 236.79376
-172.22943 717.95834 203.15522 -12.86438  7.38771 -259.95107
190.99699 203.15522 330.06337 -3.49481 -5.20263 -16.14581
 6.48461 -12.86438 -3.49481 456.19333 183.34099 -5.16447
-13.25143  7.38771 -5.20263 183.34099 1044.27975 -27.91010
236.79376 -259.95107 -16.14581 -5.16447 -27.91010 1145.50133
