
# stiffness tensor (GPa) for 333-HD-100C-11-VASP-an by deform-box method
50.2293598654105 14.6599981689722 50.2461647049468 -5.17796437162669 2.15666542063145 -15.3213306253607
14.6599981689722 61.4980369499035 50.3124500750368 -5.41769442734949 -12.9467009219089 -31.1038854252602
50.2461647049468 50.3124500750368 115.537147675724 -14.6827703503891 -10.1203696397067 -10.9485927168917
-5.17796437162669 -5.41769442734949 -14.6827703503891 23.2694037988344 1.32859936657095 2.9019821705121
2.15666542063145 -12.9467009219089 -10.1203696397067 1.32859936657095 10.8336268895077 -2.49374343671542
-15.3213306253607 -31.1038854252602 -10.9485927168917 2.9019821705121 -2.49374343671542 11.5271507269962

