
# stiffness tensor (GPa) for 333U-50C-26-vasp-an by deform-box method
10.2402319676308 -4.72475969152652 2.0145920447868 17.924920572151 -10.0825588468265 -1.00959626127909
-4.72475969152652 6.36956506811275 -0.2371107847175 6.09718269203024 -11.1568242842863 10.5224107143431
2.0145920447868 -0.2371107847175 1.2174724299215 6.9595739535756 10.8821454115264 -2.12767912897125
17.924920572151 6.09718269203024 6.9595739535756 9.47419572952582 0.0396643170408899 -6.87968160016019
-10.0825588468265 -11.1568242842863 10.8821454115264 0.0396643170408899 10.4441209124409 -1.86541784176312
-1.00959626127909 10.5224107143431 -2.12767912897125 -6.87968160016019 -1.86541784176312 11.8062163527081

