# Elastic tensor in Gpa
   44.6597    19.8314    16.5319     1.1730     1.0571    -1.0479
   19.8314    61.2787    16.8713    -2.4543     1.5301    -2.3219
   16.5319    16.8713    33.9970    -2.4731    -1.3319     2.0960
    1.1730    -2.4543    -2.4731     4.9590    -2.0044    -1.7490
    1.0571     1.5301    -1.3319    -2.0044     6.1847    -1.1323
   -1.0479    -2.3219     2.0960    -1.7490    -1.1323     5.8161
