109.380866788906 39.8490958325364 39.8765464646608 3.66662459206233 -5.74655923078267 2.66529682116187
39.8490958325364 92.6369517934171 18.950688071185 -5.43004056252787 -4.66719425255269 5.80083243204097
39.8765464646608 18.950688071185 83.4272817309865 -0.97076878705848 1.089389133875 5.53780793124351
3.66662459206233 -5.43004056252787 -0.97076878705848 29.4418693417448 1.96339256405423 -0.28913757041265
-5.74655923078267 -4.66719425255269 1.089389133875 1.96339256405423 29.2047478499322 -6.93801473419957
2.66529682116187 5.80083243204097 5.53780793124351 -0.28913757041265 -6.93801473419957 19.4434500550635
