# Cij Matrix from post process computation
52.69798 -21.03357 12.73179 -0.29024  1.25583 22.77545
-21.03357 48.79462  9.49704  0.96973 -0.41210 -20.16851
12.73179  9.49704 19.56871  1.10028 -0.21219 -1.50975
-0.29024  0.96973  1.10028 34.85730 18.96247 -1.37880
 1.25583 -0.41210 -0.21219 18.96247 87.72424  3.93488
22.77545 -20.16851 -1.50975 -1.37880  3.93488 83.53859
