
# stiffness tensor (GPa) for 333SiCOH by change-box method
3.80162460184115 -1.84281540434 5.32883902420075 -2.66235541257517 -3.84561599616094 -4.5369575523725
-1.84281540434 -4.0758739325028 5.14876855413148 -11.9802437664334 -1.42781876984651 11.2027631512589
5.32883902420075 5.14876855413148 30.7389499775292 2.7423426545145 -5.24159943400864 -12.579742170933
-2.66235541257517 -11.9802437664334 2.7423426545145 3.61668009478662 6.84596149839546 0.27286699314292
-3.84561599616094 -1.42781876984651 -5.24159943400864 6.84596149839546 -0.334821654521056 -1.45055635076212
-4.5369575523725 11.2027631512589 -12.579742170933 0.27286699314292 -1.45055635076212 2.58452660265541

