
# stiffness tensor (GPa) for 333-RV-31-vasp by change-box method
38.1249661597989 13.7840768831535 -12.2585878304706 25.544503281748 5.0235490154835 0.1575124012768
13.7840768831535 20.0862141027331 2.52798426170475 18.2463640099515 22.0053998549351 10.5032261021167
-12.2585878304706 2.52798426170475 16.2466193663963 30.0788293689642 0.215248725435599 18.2518834705568
25.544503281748 18.2463640099515 30.0788293689642 -0.22239736483131 -1.53953956343169 5.51247983661455
5.0235490154835 22.0053998549351 0.215248725435599 -1.53953956343169 14.4615634925991 2.99736961063281
0.1575124012768 10.5032261021167 18.2518834705568 5.51247983661455 2.99736961063281 1.74995352026194

