
# stiffness tensor (GPa) for 333-RV-31-vasp by change-box method
24.7685594676474 -26.9750545170522 -21.8998057448587 -3.11748260197255 -22.4986418925308 -2.987194718464
-26.9750545170522 -18.5935146537228 -11.2393524597072 -2.24761423487756 -12.3227609808621 16.6332824401564
-21.8998057448587 -11.2393524597072 -0.142580471392499 17.1213063753793 -0.9976374846472 17.3237567567771
-3.11748260197255 -2.24761423487756 17.1213063753793 1.77594621278279 -4.14689380573582 0.85192484436488
-22.4986418925308 -12.3227609808621 -0.9976374846472 -4.14689380573582 11.2710975745117 -7.59784766289087
-2.987194718464 16.6332824401564 17.3237567567771 0.85192484436488 -7.59784766289087 8.56174050797176

