
# stiffness tensor (GPa) for 333-EXP-6-vasp by change-box method
39.3575180679604 3.37599109761842 12.0945601975051 14.1698038973165 10.3370649017047 19.8375251221734
3.37599109761842 18.3166150394265 14.6837207591092 6.74446015277099 24.9296249837367 11.4854089365219
12.0945601975051 14.6837207591092 34.5388553268685 13.2612320256719 25.2562099563967 25.651350122968
14.1698038973165 6.74446015277099 13.2612320256719 5.60953633313301 -2.23063932280599 -1.30419287339238
10.3370649017047 24.9296249837367 25.2562099563967 -2.23063932280599 11.9395353886419 -0.947064111435183
19.8375251221734 11.4854089365219 25.651350122968 -1.30419287339238 -0.947064111435183 2.3316474255412

