# Elastic tensor in Gpa
   33.2507     8.1233    11.9834     0.2368     0.0987    -1.7583
    8.1233    33.8310    14.1900    -0.9160     0.0617    -0.6419
   11.9834    14.1900    37.6089    -0.4117     0.3452    -1.9261
    0.2368    -0.9160    -0.4117     6.8989    -0.3321    -0.2973
    0.0987     0.0617     0.3452    -0.3321     6.4259     0.0794
   -1.7583    -0.6419    -1.9261    -0.2973     0.0794     6.5981
