
# stiffness tensor (GPa) for 333-RV-31-vasp by deform-box method
-18.9713339538266 1.11801830886162 7.03184762039856 -2.7125459187088 -2.65159742519605 5.33986966658103
1.11801830886162 43.9649657363089 12.3447088599551 -4.39199232331998 -23.5132115904708 7.065702468359
7.03184762039856 12.3447088599551 44.6674055579668 -1.66948322062012 15.7345644319265 26.1624831415544
-2.7125459187088 -4.39199232331998 -1.66948322062012 -0.4323792635186 -12.3227538628513 -1.39495194259077
-2.65159742519605 -23.5132115904708 15.7345644319265 -12.3227538628513 5.58059123340145 -2.36878402666336
5.33986966658103 7.065702468359 26.1624831415544 -1.39495194259077 -2.36878402666336 10.3497556987293

