# Elastic tensor in Gpa
   19.1011     7.9278     6.5162     1.2011    -0.5343    -1.6688
    7.9278    22.2809     5.0214    -1.0291    -0.1896    -0.0952
    6.5162     5.0214    20.8084     1.1041    -0.3436    -0.9494
    1.2011    -1.0291     1.1041     2.4048    -0.4540     0.6185
   -0.5343    -0.1896    -0.3436    -0.4540     3.4193     0.4991
   -1.6688    -0.0952    -0.9494     0.6185     0.4991     6.8120
