# Elastic tensor in Gpa
   38.8737    18.3496    14.8974    -5.6721    -6.7043     4.0711
   18.3496    30.6751    20.9774    -2.1661    -9.1790    -0.4904
   14.8974    20.9774    36.3367     1.0463    -3.2260     1.5347
   -5.6721    -2.1661     1.0463     5.0916     4.2223    -0.3987
   -6.7043    -9.1790    -3.2260     4.2223     6.0723     0.5614
    4.0711    -0.4904     1.5347    -0.3987     0.5614     6.0564
