
# stiffness tensor (GPa) for 333U-50C-26-vasp-an by change-box method
52.3869912539712 37.3655110799141 16.2008258046483 7.81293883990968 10.869689918108 32.1422060407646
37.3655110799141 32.0205178157492 28.7849983802962 -5.90137463582465 12.5046182544474 9.1026507300915
16.2008258046483 28.7849983802962 60.5893874240056 3.91103469776352 4.19503194820945 13.4240946986968
7.81293883990968 -5.90137463582465 3.91103469776352 9.26296915990713 -9.86776494075583 0.6102765913896
10.869689918108 12.5046182544474 4.19503194820945 -9.86776494075583 14.858133804904 -2.10319731476753
32.1422060407646 9.1026507300915 13.4240946986968 0.6102765913896 -2.10319731476753 5.89000936204814

