# Elastic tensor in Gpa
   42.5405    12.9099    12.7313     5.6026    -2.0806    -1.9946
   12.9099    41.2610    32.6228    -9.4228     1.0243    -4.1476
   12.7313    32.6228    84.3224    -1.6352    -1.8841    -3.9875
    5.6026    -9.4228    -1.6352    -2.5934    -1.9562     3.5901
   -2.0806     1.0243    -1.8841    -1.9562     1.2185     0.0093
   -1.9946    -4.1476    -3.9875     3.5901     0.0093     8.8698
