# Elastic tensor in Gpa
  114.3115    23.7021    18.8792    -2.8688     0.6565     2.7556
   23.7021   104.8451    27.5353     0.8338    -3.2819    -0.3839
   18.8792    27.5353    88.5331     0.7307    -1.9242    -0.9936
   -2.8688     0.8338     0.7307    23.5972     0.8630     0.1453
    0.6565    -3.2819    -1.9242     0.8630    18.2842    -1.9910
    2.7556    -0.3839    -0.9936     0.1453    -1.9910    23.7093
