# Elastic tensor in Gpa
  104.4657    25.5613    27.6188    -2.4290     1.6900    -0.1520
   25.5613   101.1498    19.4211     1.8744    -1.1037    -1.2592
   27.6188    19.4211    92.0336    -0.9031     0.6309    -0.1411
   -2.4290     1.8744    -0.9031    19.0144     2.3158    -0.3969
    1.6900    -1.1037     0.6309     2.3158    16.5433    -1.3916
   -0.1520    -1.2592    -0.1411    -0.3969    -1.3916    26.7258
