# Elastic tensor in Gpa
   21.8448     6.5840     6.6493    -0.2404    -0.9326    -0.0938
    6.5840    18.5103     7.9437     1.0932     0.3226     0.4642
    6.6493     7.9437    20.4939     1.1713     0.0961     0.3673
   -0.2404     1.0932     1.1713     2.6455    -0.1603     0.0157
   -0.9326     0.3226     0.0961    -0.1603     2.5425     0.1385
   -0.0938     0.4642     0.3673     0.0157     0.1385     1.8673
