# Elastic tensor in Gpa
   11.3565    15.8980    14.1401    -0.3996    -2.7183    -0.8980
   15.8980    39.9165    25.8445     5.4203     3.1352    -1.1402
   14.1401    25.8445    43.3656    -2.6872    -2.3899     1.4102
   -0.3996     5.4203    -2.6872     4.7989    -1.9371    -1.1738
   -2.7183     3.1352    -2.3899    -1.9371     1.1934     1.3395
   -0.8980    -1.1402     1.4102    -1.1738     1.3395     6.3006
