# Elastic tensor in Gpa
   -9.4059   -12.6369    -0.3519    -8.2224    -7.8553    -8.2699
  -12.6369    35.5899     0.2208    -2.8191    -6.2786   -14.4494
   -0.3519     0.2208    33.9089    -3.2437     5.3862   -14.6112
   -8.2224    -2.8191    -3.2437     7.4265    -4.4379    -1.5413
   -7.8553    -6.2786     5.3862    -4.4379   -13.2330     9.1716
   -8.2699   -14.4494   -14.6112    -1.5413     9.1716    -5.3392
