# Elastic tensor in Gpa
   63.5077    18.1609    19.4697    -1.4414    -0.9024    -0.6430
   18.1609    55.5158    18.2565     0.5318    -0.0254    -0.0858
   19.4697    18.2565    56.7232    -1.1050    -0.5647     0.4782
   -1.4414     0.5318    -1.1050     8.2430    -0.3056    -0.5634
   -0.9024    -0.0254    -0.5647    -0.3056     7.7513    -0.8302
   -0.6430    -0.0858     0.4782    -0.5634    -0.8302    11.1962
