# Elastic tensor in Gpa
   15.1270     3.6272     7.5480    -2.0763     0.2998     1.3725
    3.6272    16.6659     8.3487     0.5880    -0.5715     3.3071
    7.5480     8.3487    31.5081     1.3458     1.1761     0.1166
   -2.0763     0.5880     1.3458     6.4307     0.7101    -1.0980
    0.2998    -0.5715     1.1761     0.7101     4.3931    -0.1945
    1.3725     3.3071     0.1166    -1.0980    -0.1945     6.0396
