
# stiffness tensor (GPa) for 333-EXP-1-vasp-an by change-box method
3.95729272851607 10.0994163858796 1.58602974840465 6.21515869961442 4.51387968930383 -6.05604897948224
10.0994163858796 48.0479548037789 53.5217010478929 18.9978875657865 -8.20949215785997 -28.0380394950348
1.58602974840465 53.5217010478929 77.7823529314921 2.50005484047534 -5.56877968948383 -1.1456456210924
6.21515869961442 18.9978875657865 2.50005484047534 2.5044416410966 -4.36727396884583 5.02075888874453
4.51387968930383 -8.20949215785997 -5.56877968948383 -4.36727396884583 4.81824374080352 3.94895200045121
-6.05604897948224 -28.0380394950348 -1.1456456210924 5.02075888874453 3.94895200045121 24.3250850372011

