
# stiffness tensor (GPa) for 333U-50C-9-vasp-an by change-box method
26.7701066821521 16.674386201303 12.8675887191518 4.38376896027815 -3.07836707135522 20.6521687020121
16.674386201303 3.5199929506532 22.3939869410152 4.54927622722413 0.12971323504549 7.62281426057882
12.8675887191518 22.3939869410152 51.4891810213739 27.1124049885017 10.8966128981036 3.73908315396784
4.38376896027815 4.54927622722413 27.1124049885017 4.7065301733449 3.70585887754046 -2.71437100572452
-3.07836707135522 0.12971323504549 10.8966128981036 3.70585887754046 1.44213303919076 2.658849320701
20.6521687020121 7.62281426057882 3.73908315396784 -2.71437100572452 2.658849320701 -6.71688016976449

