# Elastic tensor in Gpa
   68.6243    14.4303    20.3394     2.9987    -2.7574    -2.0591
   14.4303    74.1853    18.7303     2.2561    -6.5018     1.8297
   20.3394    18.7303    56.6321    -3.2107    -4.6529    -5.2578
    2.9987     2.2561    -3.2107     7.6695     0.9102    -0.1928
   -2.7574    -6.5018    -4.6529     0.9102    15.3841    -0.8466
   -2.0591     1.8297    -5.2578    -0.1928    -0.8466    11.0824
