
# stiffness tensor (GPa) for 333U-50C-20-vasp-an by deform-box method
44.1865123608066 24.011188854032 28.9602533826433 -6.23545673675552 -0.616695932913125 9.61036235349618
24.011188854032 24.7886840398391 9.0614390482877 -20.0923173345904 -5.92853746304435 -17.9260450463509
28.9602533826433 9.0614390482877 62.3652775079546 -21.7246399759009 -13.0233639032404 13.9055480537682
-6.23545673675552 -20.0923173345904 -21.7246399759009 19.9182145575625 3.45317309378895 -8.31816453938612
-0.616695932913125 -5.92853746304435 -13.0233639032404 3.45317309378895 8.12720544296784 -4.41310201490728
9.61036235349618 -17.9260450463509 13.9055480537682 -8.31816453938612 -4.41310201490728 11.1182101521873

