101.248664242864 12.1276842477562 37.6967577401754 -0.5160767688668 1.03007971182529 3.1234024175327
12.1276842477562 110.265638677976 31.8786837797311 0.69536013456535 -2.07972104570428 0.431664497834975
37.6967577401754 31.8786837797311 99.5976762077225 -0.4230993787046 -2.28723670773967 -0.611178926653675
-0.5160767688668 0.69536013456535 -0.4230993787046 20.6925299460846 5.10490298224365 -3.70797801293817
1.03007971182529 -2.07972104570428 -2.28723670773967 5.10490298224365 53.7383254932577 -11.0861938780885
3.1234024175327 0.431664497834975 -0.611178926653675 -3.70797801293817 -11.0861938780885 34.8608679626652
