# Elastic tensor in Gpa
  -10.8641     4.7093    -8.5245    -1.1891    -5.6146    -6.2982
    4.7093    44.9689    -1.2287    -1.4379    -3.5150    -5.0454
   -8.5245    -1.2287    27.5137    -1.3482     3.8696    -5.1454
   -1.1891    -1.4379    -1.3482    -3.0205    -7.1530     2.3320
   -5.6146    -3.5150     3.8696    -7.1530     2.9788     5.2477
   -6.2982    -5.0454    -5.1454     2.3320     5.2477    -5.1334
