# Cij Matrix from post process computation
172.31871  5.66048 39.54783 12.73907 12.16882 10.84783
 5.66048 132.79898 28.18108 -17.77027 -7.97154 -9.71716
39.54783 28.18108 121.12568 10.33440 19.05882  7.83867
12.73907 -17.77027 10.33440 141.72495 17.57100 15.06801
12.16882 -7.97154 19.05882 17.57100 156.51250 11.99550
10.84783 -9.71716  7.83867 15.06801 11.99550 104.12771
