# Cij Matrix from post process computation
49350.96061 72371.44197 32649.40651 3286.74731 770.64730 -1825.02494
72371.44197 340048.56881 57917.84189 3308.10600 -1913.07991 -6887.53304
32649.40651 57917.84189 41683.39927 3181.03595 2633.96308 -2292.98608
3286.74731 3308.10600 3181.03595 11673.60178 1742.57437 47.31951
770.64730 -1913.07991 2633.96308 1742.57437 17860.15007 578.40337
-1825.02494 -6887.53304 -2292.98608 47.31951 578.40337 12931.50636
