
# stiffness tensor (GPa) for 333-EXP-6-vasp-an by change-box method
16.4203885428901 2.93414429406727 29.6462218692828 13.4322107265508 14.7362724331217 9.50949680847066
2.93414429406727 65.9349242929291 35.379061556879 30.9636795315877 24.5438672395385 -9.31580945413138
29.6462218692828 35.379061556879 44.6118913352589 24.4396680544404 27.3609438554823 -11.7233874138901
13.4322107265508 30.9636795315877 24.4396680544404 16.0173450769918 1.63799827503726 0.83624597935166
14.7362724331217 24.5438672395385 27.3609438554823 1.63799827503726 1.02281122032752 1.30058245025916
9.50949680847066 -9.31580945413138 -11.7233874138901 0.83624597935166 1.30058245025916 -8.65279865659837

