# Elastic tensor in Gpa
   34.9865     8.0163    12.0383     0.1639     0.7539     0.4965
    8.0163    27.4445     9.6143    -0.8228     1.5779     2.7579
   12.0383     9.6143    53.9924     2.6997     4.0739    -1.3620
    0.1639    -0.8228     2.6997     8.9207     3.2761     1.1333
    0.7539     1.5779     4.0739     3.2761     2.5412    -2.8014
    0.4965     2.7579    -1.3620     1.1333    -2.8014     2.2876
