
# stiffness tensor (GPa) for 333U-50C-5-vasp-an by change-box method
-4.12350424475985 -7.7870832528646 -8.5516792041024 -15.2200887399614 0.4847825415052 -5.6694434027612
-7.7870832528646 19.5592034589729 -18.7090712312084 4.49803605375426 14.7885500415049 14.838609582523
-8.5516792041024 -18.7090712312084 7.57832914759195 11.4267998118807 15.6531393349958 9.89641688755455
-15.2200887399614 4.49803605375426 11.4267998118807 1.53597218845839 5.73474815903521 -3.16041848459917
0.4847825415052 14.7885500415049 15.6531393349958 5.73474815903521 7.70642464927368 -5.02924094465047
-5.6694434027612 14.838609582523 9.89641688755455 -3.16041848459917 -5.02924094465047 5.0109720744868

